UNIPROT_SEQ_NUM	UNIPROT	PDBResNumAuthor	PDBResNumCIF
93	K	93	19
94	C	94	20
95	P	95	21
96	K	96	22
97	D	97	23
98	W	98	24
99	H	99	25
100	S	100	26
101	H	101	27
102	Q	102	28
103	D	103	29
104	K	104	30
105	C	105	31
106	F	106	32
107	H	107	33
108	V	108	34
109	S	109	35
110	Q	110	36
111	T	111	37
112	S	112	38
113	I	113	39
114	T	114	40
115	W	115	41
116	K	116	42
117	G	117	43
118	S	118	44
119	L	119	45
120	A	120	46
121	D	121	47
122	C	122	48
123	G	123	49
124	G	124	50
125	K	125	51
126	G	126	52
127	A	127	53
128	T	128	54
129	L	129	55
130	L	130	56
131	L	131	57
132	V	132	58
133	Q	133	59
134	D	134	60
135	Q	135	61
136	E	136	62
137	E	137	63
138	L	138	64
139	R	139	65
140	F	140	66
141	L	141	67
142	R	142	68
143	N	143	69
144	L	144	70
145	T	145	71
146	K	146	72
147	R	147	73
148	I	148	74
149	S	149	75
150	S	150	76
151	S	151	77
152	F	152	78
153	W	153	79
154	I	154	80
155	G	155	81
156	L	156	82
157	S	157	83
158	Y	158	84
159	T	159	85
160	L	160	86
161	S	161	87
162	D	162	88
163	E	163	89
164	K	164	90
165	W	165	91
166	K	166	92
167	W	167	93
168	I	168	94
169	N	169	95
170	G	170	96
171	S	171	97
172	T	172	98
173	L	173	99
174	N	174	100
175	S	175	101
176	D	176	102
177	A	177	103
178	L	178	104
179	N	179	105
180	I	180	106
181	T	181	107
182	G	182	108
183	D	183	109
184	T	184	110
185	E	185	111
186	K	186	112
187	D	187	113
188	S	188	114
189	C	189	115
190	A	190	116
191	S	191	117
192	V	192	118
193	S	193	119
194	Q	194	120
195	D	195	121
196	K	196	122
197	V	197	123
198	L	198	124
199	S	199	125
200	E	200	126
201	S	201	127
202	C	202	128
203	D	203	129
204	S	204	130
205	D	205	131
206	N	206	132
207	I	207	133
208	W	208	134
209	I	209	135
210	C	210	136
211	Q	211	137
212	K	212	138
213	E	213	139
