UNIPROT_SEQ_NUM	UNIPROT	PDBResNumAuthor	PDBResNumCIF
28	S	27	3
29	G	28	4
30	I	29	5
31	F	30	6
32	Q	31	7
33	L	32	8
34	R	33	9
35	L	34	10
36	Q	35	11
37	E	36	12
38	F	37	13
39	A	38	14
40	N	39	15
41	E	40	16
42	R	41	17
43	G	42	18
44	M	43	19
45	L	44	20
46	A	45	21
47	N	46	22
48	G	47	23
49	R	48	24
50	P	49	25
51	C	50	26
52	E	51	27
53	P	52	28
54	G	53	29
55	C	54	30
56	R	55	31
57	T	56	32
58	F	57	33
59	F	58	34
60	R	59	35
61	I	60	36
62	C	61	37
63	L	62	38
64	K	63	-
65	H	64	40
66	Y	65	41
67	Q	66	42
68	A	67	43
69	T	68	44
70	F	69	45
71	S	70	46
72	E	71	47
73	G	72	48
74	P	73	49
75	C	74	50
76	T	75	51
77	F	76	52
78	G	77	53
79	N	78	54
80	V	79	55
81	S	80	56
82	T	81	57
83	P	82	58
84	V	83	59
85	L	84	60
86	G	85	61
87	T	86	62
88	N	87	63
89	S	88	64
90	F	89	65
91	V	90	66
92	I	91	67
93	R	92	68
94	D	93	69
95	K	94	70
96	N	95	71
97	S	96	72
100	G	99	75
101	R	100	76
102	N	101	77
103	P	102	78
104	L	103	79
105	Q	104	80
106	L	105	81
107	P	106	82
108	F	107	83
109	N	108	84
110	F	109	85
111	T	110	86
112	W	111	87
113	P	112	88
114	G	113	89
115	T	114	90
116	F	115	91
117	S	116	92
118	L	117	93
119	N	118	94
120	I	119	95
121	Q	120	96
122	A	121	97
123	W	122	98
124	H	123	99
125	T	124	100
126	P	125	101
127	G	126	102
128	D	127	103
129	D	128	104
130	L	129	105
131	R	130	106
132	P	131	107
133	E	132	108
134	T	133	109
135	S	134	110
136	P	135	111
137	G	136	112
138	N	137	113
139	S	138	114
140	L	139	115
141	I	140	116
142	S	141	117
143	Q	142	118
144	I	143	119
145	I	144	120
146	I	145	121
147	Q	146	122
148	G	147	123
149	S	148	124
150	L	149	125
151	A	150	126
152	V	151	127
153	G	152	128
154	K	153	-
155	N	154	130
156	W	155	131
157	K	156	132
158	S	157	133
159	D	158	134
160	E	159	135
161	Q	160	136
162	N	161	137
163	N	162	138
164	T	163	139
165	L	164	140
166	T	165	141
167	R	166	142
168	L	167	143
169	R	168	144
170	Y	169	145
171	S	170	146
172	Y	171	147
173	R	172	148
174	V	173	149
175	V	174	150
176	C	175	151
177	S	176	152
178	D	177	153
179	N	178	154
180	Y	179	155
181	Y	180	156
182	G	181	157
183	D	182	158
184	S	183	159
185	C	184	160
186	S	185	161
187	R	186	162
188	L	187	163
189	C	188	164
190	K	189	-
191	K	190	-
192	R	191	167
193	D	192	168
194	D	193	169
195	H	194	170
196	F	195	171
197	G	196	172
198	H	197	173
199	Y	198	174
200	E	199	175
201	C	200	176
202	Q	201	177
203	P	202	178
204	D	203	179
205	G	204	180
206	S	205	181
207	L	206	182
208	S	207	183
209	C	208	184
210	L	209	185
211	P	210	186
212	G	211	187
213	W	212	188
214	T	213	189
215	G	214	190
216	K	215	-
217	Y	216	192
218	C	217	193
219	D	218	194
220	Q	219	195
221	P	220	196
222	I	221	197
223	C	222	198
224	L	223	199
225	S	224	200
226	G	225	201
227	C	226	202
228	H	227	203
229	E	228	204
230	Q	229	205
231	N	230	206
232	G	231	207
233	Y	232	208
234	C	233	209
235	S	234	210
236	K	235	-
237	P	236	212
238	D	237	213
239	E	238	214
240	C	239	215
241	N	240	216
242	C	241	217
243	R	242	218
244	P	243	219
245	G	244	220
246	W	245	221
247	Q	246	222
248	G	247	223
249	P	248	224
250	L	249	225
251	C	250	226
252	N	251	227
253	E	252	228
