UNIPROT_SEQ_NUM	UNIPROT	PDBResNumAuthor	PDBResNumCIF
184	R	184	4
185	E	185	5
186	T	186	6
187	A	187	7
188	I	188	8
189	Q	189	9
190	Q	190	10
191	L	191	11
192	E	192	12
193	A	193	13
194	D	194	14
195	I	195	15
196	L	196	16
197	D	197	17
198	V	198	18
199	N	199	19
200	Q	200	20
201	I	201	21
202	F	202	22
203	K	203	23
204	D	204	24
205	L	205	25
206	A	206	26
207	M	207	27
208	M	208	28
209	I	209	29
210	H	210	30
211	D	211	31
212	Q	212	32
213	G	213	33
214	D	214	34
215	L	215	35
216	I	216	36
217	D	217	37
218	S	218	38
219	I	219	39
220	E	220	40
221	A	221	41
222	N	222	42
223	V	223	43
224	E	224	44
225	S	225	45
226	S	226	46
227	E	227	47
228	V	228	48
229	H	229	49
230	V	230	50
231	E	231	51
232	R	232	52
233	A	233	53
234	S	234	54
235	D	235	55
236	Q	236	56
237	L	237	57
238	Q	238	58
239	R	239	59
240	A	240	60
241	A	241	61
242	Y	242	62
243	Y	243	63
244	Q	244	64
245	K	245	65
246	K	246	66
247	S	247	67
248	R	248	68
