UNIPROT_SEQ_NUM	UNIPROT	PDBResNumAuthor	PDBResNumCIF
587	E	587	2
588	K	588	3
589	S	589	4
590	L	590	5
591	V	591	6
592	D	592	7
593	T	593	8
594	V	594	9
595	Y	595	10
596	A	596	11
597	L	597	12
598	K	598	13
599	D	599	14
600	E	600	15
601	V	601	16
602	Q	602	17
603	E	603	18
604	L	604	19
605	R	605	20
606	Q	606	21
607	D	607	22
608	N	608	23
609	K	609	24
610	K	610	25
611	M	611	26
612	K	612	27
613	K	613	28
614	S	614	29
615	L	615	30
616	E	616	31
617	E	617	32
618	E	618	33
619	Q	619	34
620	R	620	35
621	A	621	36
622	R	622	37
623	K	623	38
624	D	624	39
625	L	625	40
626	E	626	41
627	K	627	42
628	L	628	43
629	V	629	44
630	R	630	45
631	K	631	46
632	V	632	47
633	L	633	48
634	K	634	49
635	N	635	50
636	M	636	51
637	N	637	52
638	D	638	53
639	P	639	54
640	A	640	55
641	W	641	56
642	D	642	57
643	E	643	58
644	T	644	59
645	N	645	60
646	L	646	61
