UNIPROT_SEQ_NUM	UNIPROT	PDBResNumAuthor	PDBResNumCIF
10	V	10	6
11	V	11	7
12	R	12	8
13	A	13	9
14	K	14	10
15	F	15	11
16	N	16	12
17	F	17	13
18	Q	18	14
19	Q	19	15
20	T	20	16
21	N	21	17
22	E	22	18
23	D	23	19
24	E	24	20
25	L	25	21
26	S	26	22
27	F	27	23
28	S	28	24
29	K	29	25
30	G	30	26
31	D	31	27
32	V	32	28
33	I	33	29
34	H	34	30
35	V	35	31
36	T	36	32
37	R	37	33
38	V	38	34
39	E	39	35
40	E	40	36
41	G	41	37
42	G	42	38
43	W	43	39
44	W	44	40
45	E	45	41
46	G	46	42
47	T	47	43
48	H	48	44
49	N	49	45
50	G	50	46
51	R	51	47
52	T	52	48
53	G	53	49
54	W	54	50
55	F	55	51
56	P	56	52
57	S	57	53
58	N	58	54
59	Y	59	55
60	V	60	56
61	R	61	57
62	E	62	58
63	I	63	59
