UNIPROT_SEQ_NUM	UNIPROT	PDBResNumAuthor	PDBResNumCIF
275	N	275	43
276	D	276	44
277	I	277	45
278	T	278	46
279	P	279	47
280	L	280	48
281	H	281	49
282	V	282	50
283	A	283	51
284	S	284	52
285	K	285	53
286	R	286	54
287	G	287	55
288	N	288	56
289	A	289	57
290	N	290	58
291	M	291	59
292	V	292	60
293	K	293	61
294	L	294	62
295	L	295	63
296	L	296	64
297	D	297	65
298	R	298	66
299	G	299	67
300	A	300	68
301	K	301	69
302	I	302	70
303	D	303	71
304	A	304	72
305	K	305	73
306	T	306	74
307	R	307	75
308	D	308	76
309	G	309	77
310	L	310	78
311	T	311	79
312	P	312	80
313	L	313	81
314	H	314	82
315	C	315	83
316	G	316	84
317	A	317	85
318	R	318	86
319	S	319	87
320	G	320	88
321	H	321	89
322	E	322	90
323	Q	323	91
324	V	324	92
325	V	325	93
326	E	326	94
327	M	327	95
328	L	328	96
329	L	329	97
330	D	330	98
331	R	331	99
332	A	332	100
333	A	333	101
334	P	334	102
335	I	335	103
336	L	336	104
337	S	337	105
338	K	338	106
339	T	339	107
340	K	340	108
341	N	341	109
342	G	342	110
343	L	343	111
344	S	344	112
345	P	345	113
346	L	346	114
347	H	347	115
348	M	348	116
349	A	349	117
350	T	350	118
351	Q	351	119
352	G	352	120
353	D	353	121
354	H	354	122
355	L	355	123
356	N	356	124
357	C	357	125
358	V	358	126
359	Q	359	127
360	L	360	128
361	L	361	129
362	L	362	130
363	Q	363	131
364	H	364	132
365	N	365	133
366	V	366	134
367	P	367	135
368	V	368	136
369	D	369	137
370	D	370	138
371	V	371	139
372	T	372	140
373	N	373	141
374	D	374	142
375	Y	375	143
376	L	376	144
377	T	377	145
378	A	378	146
379	L	379	147
380	H	380	148
381	V	381	149
382	A	382	150
383	A	383	151
384	H	384	152
385	C	385	153
386	G	386	154
387	H	387	155
388	Y	388	156
389	K	389	157
390	V	390	158
391	A	391	159
392	K	392	160
393	V	393	161
394	L	394	162
395	L	395	163
396	D	396	164
397	K	397	165
398	K	398	166
399	A	399	167
400	N	400	168
401	P	401	169
402	N	402	170
403	A	403	171
404	K	404	172
405	A	405	173
406	L	406	174
407	N	407	175
408	G	408	176
409	F	409	177
410	T	410	178
411	P	411	179
412	L	412	180
413	H	413	181
414	I	414	182
415	A	415	183
416	C	416	184
417	K	417	185
418	K	418	186
419	N	419	187
420	R	420	188
421	I	421	189
422	R	422	190
423	V	423	191
424	M	424	192
425	E	425	193
426	L	426	194
427	L	427	195
428	L	428	196
429	K	429	197
430	H	430	198
431	G	431	199
432	A	432	200
433	S	433	201
434	I	434	202
435	Q	435	203
436	A	436	204
437	V	437	205
438	T	438	206
439	E	439	207
440	S	440	208
441	G	441	209
442	L	442	210
443	T	443	211
444	P	444	212
445	I	445	213
446	H	446	214
447	V	447	215
448	A	448	216
449	A	449	217
450	F	450	218
451	M	451	219
452	G	452	220
453	H	453	221
454	V	454	222
455	N	455	223
456	I	456	224
457	V	457	225
458	S	458	226
459	Q	459	227
460	L	460	228
461	M	461	229
462	H	462	230
463	H	463	231
464	G	464	232
465	A	465	233
466	S	466	234
467	P	467	235
468	N	468	236
469	T	469	237
470	T	470	238
471	N	471	239
472	V	472	240
473	R	473	241
474	G	474	242
475	E	475	243
476	T	476	244
477	A	477	245
478	L	478	246
479	H	479	247
480	M	480	248
481	A	481	249
482	A	482	250
483	R	483	251
484	S	484	252
485	G	485	253
486	Q	486	254
487	A	487	255
488	E	488	256
489	V	489	257
490	V	490	258
491	R	491	259
492	Y	492	260
493	L	493	261
494	V	494	262
495	Q	495	263
496	D	496	264
