UNIPROT_SEQ_NUM	UNIPROT	PDBResNumAuthor	PDBResNumCIF
1	A	108	108
2	D	109	109
3	A	110	110
4	A	111	111
5	P	112	112
6	T	113	113
7	V	114	114
8	S	115	115
9	I	116	116
10	F	117	117
11	P	118	118
12	P	119	119
13	S	120	120
14	T	121	121
15	E	122	122
16	Q	123	123
17	L	124	124
18	A	125	125
19	T	126	126
20	G	127	127
21	G	128	128
22	A	129	129
23	S	130	130
24	V	131	131
25	V	132	132
26	C	133	133
27	L	134	134
28	M	135	135
29	N	136	136
30	N	137	137
31	F	138	138
32	Y	139	139
33	P	140	140
34	R	141	141
35	D	142	142
36	I	143	143
37	S	144	144
38	V	145	145
39	K	146	146
40	W	147	147
41	K	148	148
42	I	149	149
43	D	150	150
44	G	151	151
45	T	152	152
46	E	153	153
47	R	154	154
48	R	155	155
49	D	156	156
50	G	157	157
51	V	158	158
52	L	159	159
53	D	160	160
54	S	161	161
55	V	162	162
56	T	163	163
57	D	164	164
58	Q	165	165
59	D	166	166
60	S	167	167
61	K	168	168
62	D	169	169
63	S	170	170
64	T	171	171
65	Y	172	172
66	S	173	173
67	M	174	174
68	S	175	175
69	S	176	176
70	T	177	177
71	L	178	178
72	S	179	179
73	L	180	180
74	T	181	181
75	K	182	182
76	A	183	183
77	D	184	184
78	Y	185	185
79	E	186	186
80	S	187	187
81	H	188	188
82	N	189	189
83	L	190	190
84	Y	191	191
85	T	192	192
86	C	193	193
87	E	194	194
88	V	195	195
89	V	196	196
90	H	197	197
91	K	198	198
92	T	199	199
93	S	200	200
94	S	201	201
95	S	202	202
96	P	203	203
97	V	204	204
98	V	205	205
99	K	206	206
100	S	207	207
101	F	208	208
102	N	209	209
103	R	210	210
