UNIPROT_SEQ_NUM	UNIPROT	PDBResNumAuthor	PDBResNumCIF
3	A	108	108
4	A	109	109
5	P	110	110
6	T	111	111
7	V	112	112
8	S	113	113
9	I	114	114
10	F	115	115
11	P	116	116
12	P	117	117
13	S	118	118
14	T	119	119
15	E	120	120
16	Q	121	121
17	L	122	122
18	A	123	123
19	T	124	124
20	G	125	125
21	G	126	126
22	A	127	127
23	S	128	128
24	V	129	129
25	V	130	130
26	C	131	131
27	L	132	132
28	M	133	133
29	N	134	134
30	N	135	135
31	F	136	136
32	Y	137	137
33	P	138	138
34	R	139	139
35	D	140	140
36	I	141	141
37	S	142	142
38	V	143	143
39	K	144	144
40	W	145	145
41	K	146	146
42	I	147	147
43	D	148	148
44	G	149	149
45	T	150	150
46	E	151	151
47	R	152	152
48	R	153	153
49	D	154	154
50	G	155	155
51	V	156	156
52	L	157	157
53	D	158	158
54	S	159	159
55	V	160	160
56	T	161	161
57	D	162	162
58	Q	163	163
59	D	164	164
60	S	165	165
61	K	166	166
62	D	167	167
63	S	168	168
64	T	169	169
65	Y	170	170
66	S	171	171
67	M	172	172
68	S	173	173
69	S	174	174
70	T	175	175
71	L	176	176
72	S	177	177
73	L	178	178
74	T	179	179
75	K	180	180
76	A	181	181
77	D	182	182
78	Y	183	183
79	E	184	184
80	S	185	185
81	H	186	186
82	N	187	187
83	L	188	188
84	Y	189	189
85	T	190	190
86	C	191	191
87	E	192	192
88	V	193	193
89	V	194	194
90	H	195	195
91	K	196	196
92	T	197	197
93	S	198	198
94	S	199	199
95	S	200	200
96	P	201	201
97	V	202	202
98	V	203	203
99	K	204	204
100	S	205	205
101	F	206	206
102	N	207	207
103	R	208	208
104	N	209	209
105	E	210	210
106	C	211	211
