UNIPROT_SEQ_NUM	UNIPROT	PDBResNumAuthor	PDBResNumCIF
2	V	1	1
3	L	2	2
4	S	3	3
5	A	4	4
6	D	5	5
7	D	6	6
8	K	7	7
9	T	8	8
10	N	9	9
11	I	10	10
12	K	11	11
13	N	12	12
14	C	13	13
15	W	14	14
16	G	15	15
17	K	16	16
18	I	17	17
19	G	18	18
20	G	19	19
21	H	20	20
22	G	21	21
23	G	22	22
24	E	23	23
25	Y	24	24
26	G	25	25
27	E	26	26
28	E	27	27
29	A	28	28
30	L	29	29
31	Q	30	30
32	R	31	31
33	M	32	32
34	F	33	33
35	A	34	34
36	A	35	35
37	F	36	36
38	P	37	37
39	T	38	38
40	T	39	39
41	K	40	40
42	T	41	41
43	Y	42	42
44	F	43	43
45	S	44	44
46	H	45	45
47	I	46	46
48	D	47	47
49	V	48	48
50	S	49	49
51	P	50	50
52	G	51	51
53	S	52	52
54	A	53	53
55	Q	54	54
56	V	55	55
57	K	56	56
58	A	57	57
59	H	58	58
60	G	59	59
61	K	60	60
62	K	61	61
63	V	62	62
64	A	63	63
65	D	64	64
66	A	65	65
67	L	66	66
68	A	67	67
69	K	68	68
70	A	69	69
71	A	70	70
72	D	71	71
73	H	72	72
74	V	73	73
75	E	74	74
76	D	75	75
77	L	76	76
78	P	77	77
79	G	78	78
80	A	79	79
81	L	80	80
82	S	81	81
83	T	82	82
84	L	83	83
85	S	84	84
86	D	85	85
87	L	86	86
88	H	87	87
89	A	88	88
90	H	89	89
91	K	90	90
92	L	91	91
93	R	92	92
94	V	93	93
95	D	94	94
96	P	95	95
97	V	96	96
98	N	97	97
99	F	98	98
100	K	99	99
101	F	100	100
102	L	101	101
103	S	102	102
104	H	103	103
105	C	104	104
106	L	105	105
107	L	106	106
108	V	107	107
109	T	108	108
110	L	109	109
111	A	110	110
112	C	111	111
113	H	112	112
114	H	113	113
115	P	114	114
116	G	115	115
117	D	116	116
118	F	117	117
119	T	118	118
120	P	119	119
121	A	120	120
122	M	121	121
123	H	122	122
124	A	123	123
125	S	124	124
126	L	125	125
127	D	126	126
128	K	127	127
129	F	128	128
130	L	129	129
131	A	130	130
132	S	131	131
133	V	132	132
134	S	133	133
135	T	134	134
136	V	135	135
137	L	136	136
138	T	137	137
139	S	138	138
140	K	139	139
141	Y	140	140
142	R	141	141
