UNIPROT_SEQ_NUM	UNIPROT	PDBResNumAuthor	PDBResNumCIF
2	V	1	1
3	H	2	2
4	L	3	3
5	T	4	4
6	D	5	5
7	A	6	6
8	E	7	7
9	K	8	8
10	A	9	9
11	A	10	10
12	V	11	11
13	N	12	12
14	G	13	13
15	L	14	14
16	W	15	15
17	G	16	16
18	K	17	17
19	V	18	18
20	N	19	19
21	P	20	20
22	D	21	21
23	D	22	22
24	V	23	23
25	G	24	24
26	G	25	25
27	E	26	26
28	A	27	27
29	L	28	28
30	G	29	29
31	R	30	30
32	L	31	31
33	L	32	32
34	V	33	33
35	V	34	34
36	Y	35	35
37	P	36	36
38	W	37	37
39	T	38	38
40	Q	39	39
41	R	40	40
42	Y	41	41
43	F	42	42
44	D	43	43
45	S	44	44
46	F	45	45
47	G	46	46
48	D	47	47
49	L	48	48
50	S	49	49
51	S	50	50
52	A	51	51
53	S	52	52
54	A	53	53
55	I	54	54
56	M	55	55
57	G	56	56
58	N	57	57
59	P	58	58
60	K	59	59
61	V	60	60
62	K	61	61
63	A	62	62
64	H	63	63
65	G	64	64
66	K	65	65
67	K	66	66
68	V	67	67
69	I	68	68
70	N	69	69
71	A	70	70
72	F	71	71
73	N	72	72
74	D	73	73
75	G	74	74
76	L	75	75
77	K	76	76
78	H	77	77
79	L	78	78
80	D	79	79
81	N	80	80
82	L	81	81
83	K	82	82
84	G	83	83
85	T	84	84
86	F	85	85
87	A	86	86
88	H	87	87
89	L	88	88
90	S	89	89
91	E	90	90
92	L	91	91
93	H	92	92
94	C	93	93
95	D	94	94
96	K	95	95
97	L	96	96
98	H	97	97
99	V	98	98
100	D	99	99
101	P	100	100
102	E	101	101
103	N	102	102
104	F	103	103
105	R	104	104
106	L	105	105
107	L	106	106
108	G	107	107
109	N	108	108
110	M	109	109
111	I	110	110
112	V	111	111
113	I	112	112
114	V	113	113
115	L	114	114
116	G	115	115
117	H	116	116
118	H	117	117
119	L	118	118
120	G	119	119
121	K	120	120
122	E	121	121
123	F	122	122
124	T	123	123
125	P	124	124
126	C	125	125
127	A	126	126
128	Q	127	127
129	A	128	128
130	A	129	129
131	F	130	130
132	Q	131	131
133	K	132	132
134	V	133	133
135	V	134	134
136	A	135	135
137	G	136	136
138	V	137	137
139	A	138	138
140	S	139	139
141	A	140	140
142	L	141	141
143	A	142	142
144	H	143	143
145	K	144	144
146	Y	145	145
