UNIPROT_SEQ_NUM	UNIPROT	PDBResNumAuthor	PDBResNumCIF
2	S	2	2
3	G	3	3
4	R	4	4
5	L	5	5
6	W	6	6
7	C	7	7
8	K	8	8
9	A	9	9
10	I	10	10
11	F	11	11
12	A	12	12
13	G	13	13
14	Y	14	14
15	K	15	15
16	R	16	16
17	G	17	17
18	L	18	18
19	R	19	19
20	N	20	20
21	Q	21	21
22	R	22	22
23	E	23	23
24	H	24	24
25	T	25	25
26	A	26	26
27	L	27	27
28	L	28	28
29	K	29	29
30	I	30	30
31	E	31	31
32	G	32	32
33	V	33	33
34	Y	34	34
35	A	35	35
36	R	36	36
37	D	37	37
38	E	38	38
39	T	39	39
40	E	40	40
41	F	41	41
42	Y	42	42
43	L	43	43
44	G	44	44
45	K	45	45
46	R	46	46
47	C	47	47
48	A	48	48
49	Y	49	49
50	V	50	50
51	Y	51	51
52	K	52	52
53	A	53	53
54	K	54	54
55	N	55	55
56	N	56	56
57	T	57	57
58	V	58	58
59	T	59	59
60	P	60	60
61	G	61	61
62	G	62	62
63	K	63	63
64	P	64	64
65	N	65	65
66	K	66	66
67	T	67	67
68	R	68	68
69	V	69	69
70	I	70	70
71	W	71	71
72	G	72	72
73	K	73	73
74	V	74	74
75	T	75	75
76	R	76	76
77	A	77	77
78	H	78	78
79	G	79	79
80	N	80	80
81	S	81	81
82	G	82	82
83	M	83	83
84	V	84	84
85	R	85	85
86	A	86	86
87	K	87	87
88	F	88	88
89	R	89	89
90	S	90	90
91	N	91	91
92	L	92	92
93	P	93	93
94	A	94	94
95	K	95	95
96	A	96	96
97	I	97	97
98	G	98	98
99	H	99	99
100	R	100	100
101	I	101	101
102	R	102	102
103	V	103	103
104	M	104	104
105	L	105	105
106	Y	106	106
107	P	107	107
108	S	108	108
109	R	109	109
110	I	110	110
