UNIPROT_SEQ_NUM	UNIPROT	PDBResNumAuthor	PDBResNumCIF
2	G	2	2
3	R	3	3
4	V	4	4
5	R	5	5
6	T	6	6
7	K	7	7
8	T	8	8
9	V	9	9
10	K	10	10
11	K	11	11
12	A	12	12
13	A	13	13
14	R	14	14
15	V	15	15
16	I	16	16
17	I	17	17
18	E	18	18
19	K	19	19
20	Y	20	20
21	Y	21	21
22	T	22	22
23	R	23	23
24	L	24	24
25	G	25	25
26	N	26	26
27	D	27	27
28	F	28	28
29	H	29	29
30	T	30	30
31	N	31	31
32	K	32	32
33	R	33	33
34	V	34	34
35	C	35	35
36	E	36	36
37	E	37	37
38	I	38	38
39	A	39	39
40	I	40	40
41	I	41	41
42	P	42	42
43	S	43	43
44	K	44	44
45	N	45	45
46	L	46	46
47	R	47	47
48	N	48	48
49	K	49	49
50	I	50	50
51	A	51	51
52	G	52	52
53	Y	53	53
54	V	54	54
55	T	55	55
56	H	56	56
57	L	57	57
58	M	58	58
59	K	59	59
60	R	60	60
61	I	61	61
62	Q	62	62
63	R	63	63
64	G	64	64
65	P	65	65
66	V	66	66
67	R	67	67
68	G	68	68
69	I	69	69
70	S	70	70
71	I	71	71
72	K	72	72
73	L	73	73
74	Q	74	74
75	E	75	75
76	E	76	76
77	E	77	77
78	R	78	78
79	E	79	79
80	R	80	80
81	R	81	81
82	D	82	82
83	N	83	83
84	Y	84	84
85	V	85	85
86	P	86	86
87	E	87	87
88	V	88	88
89	S	89	89
90	A	90	90
91	L	91	91
92	D	92	92
93	Q	93	93
94	E	94	94
95	I	95	95
96	I	96	96
97	E	97	97
98	V	98	98
99	D	99	99
100	P	100	100
101	D	101	101
102	T	102	102
103	K	103	103
104	E	104	104
105	M	105	105
106	L	106	106
107	K	107	107
108	L	108	108
109	L	109	109
110	D	110	110
111	F	111	111
112	G	112	112
113	S	113	113
114	L	114	114
115	S	115	115
116	N	116	116
117	L	117	117
118	Q	118	118
119	V	119	119
120	T	120	120
121	Q	121	121
122	P	122	122
123	T	123	123
124	V	124	124
125	G	125	125
126	M	126	126
127	N	127	127
128	F	128	128
129	K	129	129
130	T	130	130
131	P	131	131
132	R	132	132
133	G	133	133
134	A	134	134
135	V	135	135
