UNIPROT_SEQ_NUM	UNIPROT	PDBResNumAuthor	PDBResNumCIF
36	N	36	36
37	F	37	37
38	A	38	38
39	E	39	39
40	L	40	40
41	K	41	41
42	V	42	42
43	K	43	43
44	R	44	44
45	L	45	45
46	R	46	46
47	K	47	47
48	K	48	48
49	F	49	49
50	A	50	50
51	L	51	51
52	K	52	52
53	T	53	53
54	L	54	54
55	R	55	55
56	K	56	56
57	A	57	57
58	R	58	58
59	R	59	59
60	K	60	60
61	L	61	61
62	I	62	62
63	Y	63	63
64	E	64	64
65	K	65	65
66	A	66	66
67	K	67	67
68	H	68	68
69	Y	69	69
70	H	70	70
71	K	71	71
72	E	72	72
73	Y	73	73
74	R	74	74
75	Q	75	75
76	M	76	76
77	Y	77	77
78	R	78	78
79	T	79	79
80	E	80	80
81	I	81	81
82	R	82	82
83	M	83	83
84	A	84	84
85	R	85	85
86	M	86	86
87	A	87	87
88	R	88	88
89	K	89	89
90	A	90	90
91	G	91	91
92	N	92	92
93	F	93	93
94	Y	94	94
95	V	95	95
96	P	96	96
97	A	97	97
98	E	98	98
99	P	99	99
100	K	100	100
101	L	101	101
102	A	102	102
103	F	103	103
104	V	104	104
105	I	105	105
106	R	106	106
107	I	107	107
108	R	108	108
109	G	109	109
110	I	110	110
111	N	111	111
112	G	112	112
113	V	113	113
114	S	114	114
115	P	115	115
116	K	116	116
117	V	117	117
118	R	118	118
119	K	119	119
120	V	120	120
121	L	121	121
122	Q	122	122
123	L	123	123
124	L	124	124
125	R	125	125
126	L	126	126
127	R	127	127
128	Q	128	128
129	I	129	129
130	F	130	130
131	N	131	131
132	G	132	132
133	T	133	133
134	F	134	134
135	V	135	135
136	K	136	136
137	L	137	137
138	N	138	138
139	K	139	139
140	A	140	140
141	S	141	141
142	V	142	142
143	N	143	143
144	M	144	144
145	L	145	145
146	R	146	146
147	I	147	147
148	V	148	148
149	E	149	149
150	P	150	150
151	Y	151	151
152	I	152	152
153	A	153	153
154	W	154	154
155	G	155	155
156	Y	156	156
157	P	157	157
158	N	158	158
159	L	159	159
160	K	160	160
161	S	161	161
162	V	162	162
163	N	163	163
164	E	164	164
165	L	165	165
166	I	166	166
167	Y	167	167
168	K	168	168
169	R	169	169
170	G	170	170
171	Y	171	171
172	G	172	172
173	K	173	173
174	I	174	174
175	N	175	175
176	K	176	176
177	K	177	177
178	R	178	178
179	I	179	179
180	A	180	180
181	L	181	181
182	T	182	182
183	D	183	183
184	N	184	184
185	S	185	185
186	L	186	186
187	V	187	187
188	A	188	188
189	R	189	189
190	S	190	190
191	L	191	191
192	G	192	192
193	K	193	193
194	F	194	194
195	G	195	195
196	I	196	196
197	I	197	197
198	C	198	198
199	M	199	199
200	E	200	200
201	D	201	201
202	L	202	202
203	I	203	203
204	H	204	204
205	E	205	205
206	I	206	206
207	Y	207	207
208	T	208	208
209	V	209	209
210	G	210	210
211	K	211	211
212	R	212	212
213	F	213	213
214	K	214	214
215	E	215	215
216	A	216	216
217	N	217	217
218	N	218	218
219	F	219	219
220	L	220	220
221	W	221	221
222	P	222	222
223	F	223	223
224	K	224	224
225	L	225	225
226	S	226	226
227	S	227	227
228	P	228	228
229	R	229	229
230	G	230	230
231	G	231	231
232	M	232	232
233	K	233	233
234	K	234	234
235	K	235	235
236	T	236	236
237	T	237	237
238	H	238	238
239	F	239	239
240	V	240	240
241	E	241	241
242	G	242	242
243	G	243	243
244	D	244	244
245	A	245	245
246	G	246	246
247	N	247	247
248	R	248	248
249	E	249	249
250	D	250	250
251	Q	251	251
252	I	252	252
253	N	253	253
254	R	254	254
255	L	255	255
256	I	256	256
257	R	257	257
258	R	258	258
259	M	259	259
260	N	260	260
