UNIPROT_SEQ_NUM	UNIPROT	PDBResNumAuthor	PDBResNumCIF
1	M	1	1
2	Q	2	2
3	N	3	3
4	D	4	4
5	A	5	5
6	G	6	6
7	E	7	7
8	F	8	8
9	V	9	9
10	D	10	10
11	L	11	11
12	Y	12	12
13	V	13	13
14	P	14	14
15	R	15	15
16	K	16	16
17	C	17	17
18	S	18	18
19	A	19	19
20	S	20	20
21	N	21	21
22	R	22	22
23	I	23	23
24	I	24	24
25	A	25	25
26	A	26	26
27	K	27	27
28	D	28	28
29	H	29	29
30	A	30	30
31	S	31	31
32	I	32	32
33	Q	33	33
34	M	34	34
35	N	35	35
36	V	36	36
37	A	37	37
38	E	38	38
39	V	39	39
40	D	40	40
41	R	41	41
42	S	42	42
43	T	43	43
44	G	44	44
45	R	45	45
46	F	46	46
47	N	47	47
48	G	48	48
49	Q	49	49
50	F	50	50
51	K	51	51
52	T	52	52
53	Y	53	53
54	G	54	54
55	I	55	55
56	C	56	56
57	G	57	57
58	A	58	58
59	I	59	59
60	R	60	60
61	R	61	61
62	M	62	62
63	G	63	63
64	E	64	64
65	S	65	65
66	D	66	66
67	D	67	67
68	S	68	68
69	I	69	69
70	L	70	70
71	R	71	71
72	L	72	72
73	A	73	73
74	K	74	74
75	A	75	75
76	D	76	76
77	G	77	77
78	I	78	78
79	V	79	79
80	S	80	80
81	K	81	81
82	N	82	82
