UNIPROT_SEQ_NUM	UNIPROT	PDBResNumAuthor	PDBResNumCIF
21	I	1	2
22	Q	2	3
23	K	3	4
24	T	4	5
25	P	5	6
26	Q	6	7
27	I	7	8
28	Q	8	9
29	V	9	10
30	Y	10	11
31	S	11	12
32	R	12	13
33	H	13	14
34	P	14	15
35	P	15	16
36	E	16	17
37	N	17	18
38	G	18	19
39	K	19	20
40	P	20	21
41	N	21	22
42	F	22	23
43	L	23	24
44	N	24	25
45	C	25	26
46	Y	26	27
47	V	27	28
48	S	28	29
49	Q	29	30
50	F	30	31
51	H	31	32
52	P	32	33
53	P	33	34
54	Q	34	35
55	I	35	36
56	E	36	37
57	I	37	38
58	E	38	39
59	L	39	40
60	L	40	41
61	K	41	42
62	N	42	43
63	G	43	44
64	K	44	45
65	K	45	46
66	I	46	47
67	P	47	48
68	N	48	49
69	I	49	50
70	E	50	51
71	M	51	52
72	S	52	53
73	D	53	54
74	L	54	55
75	S	55	56
76	F	56	57
77	S	57	58
78	K	58	59
79	D	59	60
80	W	60	61
81	S	61	62
82	F	62	63
83	Y	63	64
84	I	64	65
85	L	65	66
86	A	66	67
87	H	67	68
88	T	68	69
89	E	69	70
90	F	70	71
91	T	71	72
92	P	72	73
93	T	73	74
94	E	74	75
95	T	75	76
96	D	76	77
97	V	77	78
98	Y	78	79
99	A	79	80
100	C	80	81
101	R	81	82
102	V	82	83
103	K	83	84
104	H	84	85
105	V	85	86
106	T	86	87
107	L	87	88
108	K	88	89
109	E	89	90
110	P	90	91
111	K	91	92
112	T	92	93
113	V	93	94
114	T	94	95
115	W	95	96
116	D	96	97
117	R	97	98
118	D	98	99
119	M	99	100
