UNIPROT_SEQ_NUM	UNIPROT	PDBResNumAuthor	PDBResNumCIF
21	I	1	1
22	Q	2	2
23	K	3	3
24	T	4	4
25	P	5	5
26	Q	6	6
27	I	7	7
28	Q	8	8
29	V	9	9
30	Y	10	10
31	S	11	11
32	R	12	12
33	H	13	13
34	P	14	14
35	P	15	15
36	E	16	16
37	N	17	17
38	G	18	18
39	K	19	19
40	P	20	20
41	N	21	21
42	F	22	22
43	L	23	23
44	N	24	24
45	C	25	25
46	Y	26	26
47	V	27	27
48	S	28	28
49	Q	29	29
50	F	30	30
51	H	31	31
52	P	32	32
53	P	33	33
54	Q	34	34
55	I	35	35
56	E	36	36
57	I	37	37
58	E	38	38
59	L	39	39
60	L	40	40
61	K	41	41
62	N	42	42
63	G	43	43
64	K	44	44
65	K	45	45
66	I	46	46
67	P	47	47
68	N	48	48
69	I	49	49
70	E	50	50
71	M	51	51
72	S	52	52
73	D	53	53
74	L	54	54
75	S	55	55
76	F	56	56
77	S	57	57
78	K	58	58
79	D	59	59
80	W	60	60
81	S	61	61
82	F	62	62
83	Y	63	63
84	I	64	64
85	L	65	65
86	A	66	66
87	H	67	67
88	T	68	68
89	E	69	69
90	F	70	70
91	T	71	71
92	P	72	72
93	T	73	73
94	E	74	74
95	T	75	75
96	D	76	76
97	V	77	77
98	Y	78	78
99	A	79	79
100	C	80	80
101	R	81	81
102	V	82	82
103	K	83	83
104	H	84	84
105	V	85	85
106	T	86	86
107	L	87	87
108	K	88	88
109	E	89	89
110	P	90	90
111	K	91	91
112	T	92	92
113	V	93	93
114	T	94	94
115	W	95	95
116	D	96	96
117	R	97	97
118	D	98	98
119	M	99	99
