UNIPROT_SEQ_NUM	UNIPROT	PDBResNumAuthor	PDBResNumCIF
28	T	28	48
29	G	29	49
30	G	30	50
31	S	31	51
32	W	32	52
33	F	33	53
34	K	34	54
35	I	35	55
36	L	36	56
37	L	37	57
38	F	38	58
39	Y	39	59
40	V	40	60
41	I	41	61
42	F	42	62
43	Y	43	63
44	G	44	64
45	C	45	65
46	L	46	66
47	A	47	67
48	G	48	68
49	I	49	69
50	F	50	70
51	I	51	71
52	G	52	72
53	T	53	73
54	I	54	74
55	Q	55	75
56	V	56	76
57	M	57	77
58	L	58	78
59	L	59	79
60	T	60	80
61	I	61	81
62	S	62	82
63	E	63	83
64	L	64	84
65	K	65	85
66	P	66	86
67	T	67	87
68	Y	68	88
69	Q	69	89
70	D	70	90
71	R	71	91
72	V	72	92
73	A	73	93
74	P	74	94
75	P	75	95
76	G	76	96
77	L	77	97
78	T	78	98
79	Q	79	99
80	I	80	100
81	P	81	101
82	Q	82	102
83	I	83	103
84	Q	84	104
85	K	85	105
86	T	86	106
87	E	87	107
88	I	88	108
89	S	89	109
90	F	90	110
91	R	91	111
92	P	92	112
93	N	93	113
94	D	94	114
95	P	95	115
96	K	96	116
97	S	97	117
98	Y	98	118
99	E	99	119
100	A	100	120
101	Y	101	121
102	V	102	122
103	L	103	123
104	N	104	124
105	I	105	125
106	I	106	126
107	R	107	127
108	F	108	128
109	L	109	129
110	E	110	130
111	K	111	131
112	Y	112	132
113	K	113	133
114	D	114	134
115	S	115	135
116	A	116	136
117	Q	117	137
118	K	118	138
119	D	119	139
120	D	120	140
121	M	121	141
122	I	122	142
123	F	123	143
124	E	124	144
125	D	125	145
126	C	126	146
127	G	127	147
128	S	128	148
129	M	129	149
130	P	130	150
131	S	131	151
132	E	132	152
133	P	133	153
134	K	134	154
135	E	135	155
136	R	136	156
137	G	137	157
138	E	138	158
139	F	139	159
140	N	140	160
141	H	141	161
142	E	142	162
143	R	143	163
144	G	144	164
145	E	145	165
146	R	146	166
147	K	147	167
148	V	148	168
149	C	149	169
150	R	150	170
151	F	151	171
152	K	152	172
153	L	153	173
154	D	154	174
155	W	155	175
156	L	156	176
157	G	157	177
158	N	158	178
159	C	159	179
160	S	160	180
161	G	161	181
162	L	162	182
163	N	163	183
164	D	164	184
165	E	165	185
166	S	166	186
167	Y	167	187
168	G	168	188
169	Y	169	189
170	K	170	190
171	E	171	191
172	G	172	192
173	K	173	193
174	P	174	194
175	C	175	195
176	I	176	196
177	I	177	197
178	I	178	198
179	K	179	199
180	L	180	200
181	N	181	201
182	R	182	202
183	V	183	203
184	L	184	204
185	G	185	205
186	F	186	206
187	K	187	207
188	P	188	208
189	K	189	209
190	P	190	210
191	P	191	211
192	K	192	212
193	N	193	213
205	Y	205	225
206	N	206	226
207	P	207	227
208	N	208	228
209	V	209	229
210	L	210	230
211	P	211	231
212	V	212	232
213	Q	213	233
214	C	214	234
215	T	215	235
216	G	216	236
217	K	217	237
218	R	218	238
219	D	219	239
220	E	220	240
221	D	221	241
222	K	222	242
223	D	223	243
224	K	224	244
225	V	225	245
226	G	226	246
227	N	227	247
228	I	228	248
229	E	229	249
230	Y	230	250
231	F	231	251
232	G	232	252
233	M	233	253
234	G	234	254
235	G	235	255
236	F	236	256
237	Y	237	257
238	G	238	258
239	F	239	259
240	P	240	260
241	L	241	261
242	Q	242	262
243	Y	243	263
244	Y	244	264
245	P	245	265
246	Y	246	266
247	Y	247	267
248	G	248	268
249	K	249	269
250	L	250	270
251	L	251	271
252	Q	252	272
253	P	253	273
254	K	254	274
255	Y	255	275
256	L	256	276
257	Q	257	277
258	P	258	278
259	L	259	279
260	L	260	280
261	A	261	281
262	V	262	282
263	Q	263	283
264	F	264	284
265	T	265	285
266	N	266	286
267	L	267	287
268	T	268	288
269	L	269	289
270	D	270	290
271	T	271	291
272	E	272	292
273	I	273	293
274	R	274	294
275	I	275	295
276	E	276	296
277	C	277	297
278	K	278	298
279	A	279	299
280	Y	280	300
281	G	281	301
282	E	282	302
283	N	283	303
284	I	284	304
285	G	285	305
286	Y	286	306
287	S	287	307
288	E	288	308
289	K	289	309
290	D	290	310
291	R	291	311
292	F	292	312
293	Q	293	313
294	G	294	314
295	R	295	315
296	F	296	316
297	D	297	317
298	V	298	318
299	K	299	319
300	I	300	320
301	E	301	321
302	V	302	322
303	K	303	323
304	S	304	324
