UNIPROT_SEQ_NUM	UNIPROT	PDBResNumAuthor	PDBResNumCIF
1912	E	1	5
1913	Q	2	6
1914	C	3	7
1915	E	4	8
1916	E	5	9
1917	G	6	10
1918	W	7	11
1919	T	8	12
1920	K	9	13
1921	F	10	14
1922	Q	11	15
1923	G	12	16
1924	H	13	17
1925	C	14	18
1926	Y	15	19
1927	R	16	20
1928	H	17	21
1929	F	18	22
1930	P	19	23
1931	D	20	24
1932	R	21	25
1933	E	22	26
1934	T	23	27
1935	W	24	28
1936	V	25	29
1937	D	26	30
1938	A	27	31
1939	E	28	32
1940	R	29	33
1941	R	30	34
1942	C	31	35
1943	R	32	36
1944	E	33	37
1945	Q	34	38
1946	Q	35	39
1947	S	36	40
1948	H	37	41
1949	L	38	42
1950	S	39	43
1951	S	40	44
1952	I	41	45
1953	V	42	46
1954	T	43	47
1955	P	44	48
1956	E	45	49
1957	E	46	50
1958	Q	47	51
1959	E	48	52
1960	F	49	53
1961	V	50	54
1962	N	51	55
1963	K	52	56
1964	N	53	57
1965	A	54	58
1966	Q	55	59
1967	D	56	60
1968	Y	57	61
1969	Q	58	62
1970	W	59	63
1971	I	60	64
1972	G	61	65
1973	L	62	66
1974	N	63	67
1975	D	64	68
1976	R	65	69
1977	T	66	70
1978	I	67	71
1979	E	68	72
1980	G	69	73
1981	D	70	74
1982	F	71	75
1983	R	72	76
1984	W	73	77
1985	S	74	78
1986	D	75	79
1987	G	76	80
1988	H	77	81
1989	S	78	82
1990	L	79	83
1991	Q	80	84
1992	F	81	85
1993	E	82	86
1994	K	83	87
1995	W	84	88
1996	R	85	89
1997	P	86	90
1998	N	87	91
1999	Q	88	92
2000	P	89	93
2001	D	90	94
2002	N	91	95
2003	F	92	96
2004	F	93	97
2005	A	94	98
2006	T	95	99
2007	G	96	100
2008	E	97	101
2009	D	98	102
2010	C	99	103
2011	V	100	104
2012	V	101	105
2013	M	102	106
2014	I	103	107
2015	W	104	108
2016	H	105	109
2017	E	106	110
2018	R	107	111
2019	G	108	112
2020	E	109	113
2021	W	110	114
2022	N	111	115
2023	D	112	116
2024	V	113	117
2025	P	114	118
2026	C	115	119
2027	N	116	120
2028	Y	117	121
2029	Q	118	122
2030	L	119	123
2031	P	120	124
2032	F	121	125
2033	T	122	126
2034	C	123	127
2035	K	124	128
2036	K	125	129
2037	G	126	130
