UNIPROT_SEQ_NUM	UNIPROT	PDBResNumAuthor	PDBResNumCIF
121	E	104	104
122	M	105	105
123	V	106	106
124	S	107	107
125	K	108	108
126	P	109	109
127	M	110	110
128	I	111	111
129	Y	112	112
130	W	113	113
131	E	114	114
132	C	115	115
133	S	116	116
134	N	117	117
135	A	118	118
136	T	119	119
137	L	120	120
138	T	121	121
139	C	122	122
140	E	123	123
141	V	124	124
142	L	125	125
143	E	126	126
144	G	127	127
145	T	128	128
146	D	129	129
147	V	130	130
148	E	131	131
149	L	132	132
150	K	133	133
151	L	134	134
152	Y	135	135
153	Q	136	136
154	G	137	137
155	K	138	138
156	E	139	139
157	H	140	140
158	L	141	141
159	R	142	142
160	S	143	143
161	L	144	144
162	R	145	145
163	Q	146	146
164	K	147	147
165	T	148	148
166	M	149	149
167	S	150	150
168	Y	151	151
169	Q	152	152
170	W	153	153
171	T	154	154
172	N	155	155
173	L	156	156
174	R	157	157
175	A	158	158
176	P	159	159
177	F	160	160
178	K	161	161
179	C	162	162
180	K	163	163
181	A	164	164
182	V	165	165
183	N	166	166
184	R	167	167
185	V	168	168
186	S	169	169
187	Q	170	170
188	E	171	171
189	S	172	172
190	E	173	173
191	M	174	174
192	E	175	175
193	V	176	176
194	V	177	177
195	N	178	178
196	C	179	179
197	P	180	180
