UNIPROT_SEQ_NUM	UNIPROT	PDBResNumAuthor	PDBResNumCIF
6	K	6	6
7	V	7	7
8	L	8	8
9	L	9	9
10	K	10	10
11	V	11	11
12	I	12	12
13	I	13	13
14	L	14	14
15	G	15	15
16	D	16	16
17	S	17	17
18	G	18	18
19	V	19	19
20	G	20	20
21	K	21	21
22	T	22	22
23	S	23	23
24	L	24	24
25	M	25	25
26	N	26	26
27	Q	27	27
28	Y	28	28
29	V	29	29
30	N	30	30
31	K	31	31
32	K	32	32
33	F	33	33
34	S	34	34
35	N	35	35
41	I	41	41
42	G	42	42
43	A	43	43
44	D	44	44
45	F	45	45
46	L	46	46
47	T	47	47
48	K	48	48
49	E	49	49
50	V	50	50
51	M	51	51
52	V	52	52
53	D	53	53
54	D	54	54
55	R	55	55
56	L	56	56
57	V	57	57
58	T	58	58
59	M	59	59
60	Q	60	60
61	I	61	61
62	W	62	62
63	D	63	63
64	T	64	64
65	A	65	65
66	G	66	66
67	Q	67	67
68	E	68	68
69	R	69	69
70	F	70	70
71	Q	71	71
72	S	72	72
73	L	73	73
74	G	74	74
75	V	75	75
76	A	76	76
77	F	77	77
78	Y	78	78
79	R	79	79
80	G	80	80
81	A	81	81
82	D	82	82
83	C	83	83
84	C	84	84
85	V	85	85
86	L	86	86
87	V	87	87
88	F	88	88
89	D	89	89
90	V	90	90
91	T	91	91
92	A	92	92
93	P	93	93
94	N	94	94
95	T	95	95
96	F	96	96
97	K	97	97
98	T	98	98
99	L	99	99
100	D	100	100
101	S	101	101
102	W	102	102
103	R	103	103
104	D	104	104
105	E	105	105
106	F	106	106
107	L	107	107
108	I	108	108
109	Q	109	109
110	A	110	110
111	S	111	111
112	P	112	112
113	R	113	113
114	D	114	114
115	P	115	115
116	E	116	116
117	N	117	117
118	F	118	118
119	P	119	119
120	F	120	120
121	V	121	121
122	V	122	122
123	L	123	123
124	G	124	124
125	N	125	125
126	K	126	126
127	I	127	127
128	D	128	128
129	L	129	129
130	E	130	130
131	N	131	131
132	R	132	132
133	Q	133	133
134	V	134	134
135	A	135	135
136	T	136	136
137	K	137	137
138	R	138	138
139	A	139	139
140	Q	140	140
141	A	141	141
142	W	142	142
143	C	143	143
144	Y	144	144
145	S	145	145
146	K	146	146
147	N	147	147
148	N	148	148
149	I	149	149
150	P	150	150
151	Y	151	151
152	F	152	152
153	E	153	153
154	T	154	154
155	S	155	155
156	A	156	156
157	K	157	157
158	E	158	158
159	A	159	159
160	I	160	160
161	N	161	161
162	V	162	162
163	E	163	163
164	Q	164	164
165	A	165	165
166	F	166	166
167	Q	167	167
168	T	168	168
169	I	169	169
170	A	170	170
171	R	171	171
172	N	172	172
173	A	173	173
174	L	174	174
175	K	175	175
176	Q	176	176
177	E	177	177
178	T	178	178
179	E	179	179
180	V	180	180
181	E	181	181
182	L	182	182
183	Y	183	183
184	N	184	184
185	E	185	185
186	F	186	186
187	P	187	187
188	E	188	188
189	P	189	189
190	I	190	190
191	K	191	191
192	L	192	192
