UNIPROT_SEQ_NUM	UNIPROT	PDBResNumAuthor	PDBResNumCIF
4	V	4	4
5	K	5	5
6	V	6	6
7	V	7	7
8	K	8	8
9	N	9	9
10	K	10	10
11	A	11	11
12	Y	12	12
13	F	13	13
14	K	14	14
15	R	15	15
16	Y	16	16
17	Q	17	17
18	V	18	18
19	R	19	19
20	F	20	20
21	R	21	21
22	R	22	22
23	R	23	23
24	R	24	24
25	E	25	25
26	G	26	26
27	K	27	27
28	T	28	28
29	D	29	29
30	Y	30	30
31	Y	31	31
32	A	32	32
33	R	33	33
34	K	34	34
35	R	35	35
36	L	36	36
37	V	37	37
38	I	38	38
39	Q	39	39
40	D	40	40
41	K	41	41
42	N	42	42
43	K	43	43
44	Y	44	44
45	N	45	45
46	T	46	46
47	P	47	47
48	K	48	48
49	Y	49	49
50	R	50	50
51	M	51	51
52	I	52	52
53	V	53	53
54	R	54	54
55	V	55	55
56	T	56	56
57	N	57	57
58	R	58	58
59	D	59	59
60	I	60	60
61	I	61	61
62	C	62	62
63	Q	63	63
64	I	64	64
65	A	65	65
66	Y	66	66
67	A	67	67
68	R	68	68
69	I	69	69
70	E	70	70
71	G	71	71
72	D	72	72
73	M	73	73
74	I	74	74
75	V	75	75
76	C	76	76
77	A	77	77
78	A	78	78
79	Y	79	79
80	A	80	80
81	H	81	81
82	E	82	82
83	L	83	83
84	P	84	84
85	K	85	85
86	Y	86	86
87	G	87	87
88	V	88	88
89	K	89	89
90	V	90	90
91	G	91	91
92	L	92	92
93	T	93	93
94	N	94	94
95	Y	95	95
96	A	96	96
97	A	97	97
98	A	98	98
99	Y	99	99
100	C	100	100
101	T	101	101
102	G	102	102
103	L	103	103
104	L	104	104
105	L	105	105
106	A	106	106
107	R	107	107
108	R	108	108
109	L	109	109
110	L	110	110
111	N	111	111
112	R	112	112
113	F	113	113
114	G	114	114
115	M	115	115
116	D	116	116
117	K	117	117
118	I	118	118
119	Y	119	119
120	E	120	120
121	G	121	121
122	Q	122	122
123	V	123	123
124	E	124	124
125	V	125	125
126	N	126	126
127	G	127	127
128	D	128	128
129	E	129	129
130	Y	130	130
131	N	131	131
132	V	132	132
133	E	133	133
134	S	134	134
135	I	135	135
136	D	136	136
137	G	137	137
138	Q	138	138
139	P	139	139
140	G	140	140
141	A	141	141
142	F	142	142
143	T	143	143
144	C	144	144
145	Y	145	145
146	L	146	146
147	D	147	147
148	A	148	148
149	G	149	149
150	L	150	150
151	A	151	151
152	R	152	152
153	T	153	153
154	T	154	154
155	T	155	155
156	G	156	156
157	N	157	157
158	K	158	158
159	V	159	159
160	F	160	160
161	G	161	161
162	A	162	162
163	L	163	163
164	K	164	164
165	G	165	165
166	A	166	166
167	V	167	167
168	D	168	168
169	G	169	169
170	G	170	170
171	L	171	171
172	S	172	172
173	I	173	173
174	P	174	174
175	H	175	175
176	S	176	176
177	T	177	177
178	K	178	178
179	R	179	179
180	F	180	180
181	P	181	181
182	G	182	182
183	Y	183	183
184	D	184	184
185	S	185	185
186	E	186	186
187	S	187	187
188	K	188	188
189	E	189	189
190	F	190	190
191	N	191	191
192	A	192	192
193	E	193	193
194	V	194	194
195	H	195	195
196	R	196	196
197	K	197	197
198	H	198	198
199	I	199	199
200	M	200	200
201	G	201	201
202	Q	202	202
203	N	203	203
204	V	204	204
205	A	205	205
206	D	206	206
207	Y	207	207
208	M	208	208
209	R	209	209
210	Y	210	210
211	L	211	211
212	M	212	212
213	E	213	213
214	E	214	214
215	D	215	215
216	E	216	216
217	D	217	217
218	A	218	218
219	Y	219	219
220	K	220	220
221	K	221	221
222	Q	222	222
223	F	223	223
224	S	224	224
225	Q	225	225
226	Y	226	226
227	I	227	227
228	K	228	228
229	N	229	229
230	N	230	230
231	V	231	231
232	T	232	232
233	P	233	233
234	D	234	234
235	M	235	235
236	M	236	236
237	E	237	237
238	E	238	238
239	M	239	239
240	Y	240	240
241	K	241	241
242	K	242	242
243	A	243	243
244	H	244	244
245	A	245	245
246	A	246	246
247	I	247	247
248	R	248	248
249	E	249	249
250	N	250	250
251	P	251	251
252	V	252	252
253	Y	253	253
254	E	254	254
255	K	255	255
256	K	256	256
257	P	257	257
258	K	258	258
259	R	259	259
260	E	260	260
261	V	261	261
262	K	262	262
263	K	263	263
264	K	264	264
265	R	265	265
266	W	266	266
267	N	267	267
268	R	268	268
269	P	269	269
270	K	270	270
271	M	271	271
272	S	272	272
273	L	273	273
274	A	274	274
275	Q	275	275
276	K	276	276
277	K	277	277
278	D	278	278
279	R	279	279
280	V	280	280
281	A	281	281
282	Q	282	282
283	K	283	283
284	K	284	284
285	A	285	285
286	S	286	286
287	F	287	287
288	L	288	288
289	R	289	289
290	A	290	290
291	Q	291	291
292	E	292	292
293	R	293	293
294	A	294	294
295	A	295	295
296	E	296	296
297	S	297	297
