UNIPROT_SEQ_NUM	UNIPROT	PDBResNumAuthor	PDBResNumCIF
5	L	4	3
6	T	5	4
7	E	6	5
8	E	7	6
9	Q	8	7
10	I	9	8
11	A	10	9
12	E	11	10
13	F	12	11
14	K	13	12
15	E	14	13
16	A	15	14
17	F	16	15
18	S	17	16
19	L	18	17
20	F	19	18
21	D	20	19
22	K	21	20
23	D	22	21
24	G	23	22
25	D	24	23
26	G	25	24
27	T	26	25
28	I	27	26
29	T	28	27
30	T	29	28
31	K	30	29
32	E	31	30
33	L	32	31
34	G	33	32
35	T	34	33
36	V	35	34
37	M	36	35
38	R	37	36
39	S	38	37
40	L	39	38
41	G	40	39
42	Q	41	40
43	N	42	41
44	P	43	42
45	T	44	43
46	E	45	44
47	A	46	45
48	E	47	46
49	L	48	47
50	Q	49	48
51	D	50	49
52	M	51	50
53	I	52	51
54	N	53	52
55	E	54	53
56	V	55	54
57	D	56	55
58	A	57	56
59	D	58	57
60	G	59	58
61	N	60	59
62	G	61	60
63	T	62	61
64	I	63	62
65	D	64	63
66	F	65	64
67	P	66	65
68	E	67	66
69	F	68	67
70	L	69	68
71	T	70	69
72	M	71	70
73	M	72	71
74	A	73	72
75	R	74	73
76	K	75	74
77	M	76	75
78	K	77	76
79	D	78	77
80	T	79	78
81	D	80	79
82	S	81	80
83	E	82	81
84	E	83	82
85	E	84	83
86	I	85	84
87	R	86	85
88	E	87	86
89	A	88	87
90	F	89	88
91	R	90	89
92	V	91	90
93	F	92	91
94	D	93	92
95	K	94	93
96	D	95	94
97	G	96	95
98	N	97	96
99	G	98	97
100	Y	99	98
101	I	100	99
102	S	101	100
103	A	102	101
104	A	103	102
105	E	104	103
106	L	105	104
107	R	106	105
108	H	107	106
109	V	108	107
110	M	109	108
111	T	110	109
112	N	111	110
113	L	112	111
114	G	113	112
115	E	114	113
116	K	115	114
117	L	116	115
118	T	117	116
119	D	118	117
120	E	119	118
121	E	120	119
122	V	121	120
123	D	122	121
124	E	123	122
125	M	124	123
126	I	125	124
127	R	126	125
128	E	127	126
129	A	128	127
130	D	129	128
131	I	130	129
132	D	131	130
133	G	132	131
134	D	133	132
135	G	134	133
136	Q	135	134
137	V	136	135
138	N	137	136
139	Y	138	137
140	E	139	138
141	E	140	139
142	F	141	140
143	V	142	141
144	Q	143	142
145	M	144	143
146	M	145	144
147	T	146	145
148	A	147	146
