UNIPROT_SEQ_NUM	UNIPROT	PDBResNumAuthor	PDBResNumCIF
23	F	1	1
24	Q	2	2
25	D	3	3
26	Q	4	4
27	S	5	5
28	V	6	6
29	P	7	7
30	N	8	8
31	V	9	9
32	N	10	10
33	A	11	11
34	I	12	12
35	T	13	13
36	G	14	14
37	S	15	15
38	N	16	16
39	V	17	17
40	T	18	18
41	L	19	19
42	T	20	20
43	I	21	21
44	L	22	22
45	K	23	23
46	H	24	24
47	P	25	25
48	L	26	26
49	A	27	27
50	S	28	28
51	Y	29	29
52	Q	30	30
53	R	31	31
54	L	32	32
55	T	33	33
56	W	34	34
57	L	35	35
58	H	36	36
59	T	37	37
60	T	38	38
61	N	39	39
62	Q	40	40
63	K	41	41
64	I	42	42
65	L	43	43
66	E	44	44
67	Y	45	45
68	F	46	46
69	P	47	47
70	N	48	48
71	G	49	49
72	K	50	50
73	K	51	51
74	T	52	52
75	V	53	53
76	F	54	54
77	E	55	55
78	S	56	56
79	V	57	57
80	F	58	58
81	K	59	59
82	D	60	60
83	R	61	61
84	V	62	62
85	D	63	63
86	L	64	64
87	D	65	65
88	K	66	66
89	T	67	67
90	N	68	68
91	G	69	69
92	A	70	70
93	L	71	71
94	R	72	72
95	I	73	73
96	Y	74	74
97	N	75	75
98	V	76	76
99	S	77	77
100	K	78	78
101	E	79	79
102	D	80	80
103	R	81	81
104	G	82	82
105	D	83	83
106	Y	84	84
107	Y	85	85
108	M	86	86
109	R	87	87
110	M	88	88
111	L	89	89
112	H	90	90
113	E	91	91
114	T	92	92
115	E	93	93
116	D	94	94
117	Q	95	95
118	W	96	96
119	K	97	97
120	I	98	98
121	T	99	99
122	M	100	100
123	E	101	101
124	V	102	102
125	Y	103	103
