UNIPROT_SEQ_NUM	UNIPROT	PDBResNumAuthor	PDBResNumCIF
36	C	36	10
37	E	37	11
38	R	38	12
39	V	39	13
40	V	40	14
41	I	41	15
42	N	42	16
43	I	43	17
44	S	44	18
45	G	45	19
46	L	46	20
47	R	47	21
48	F	48	22
49	E	49	23
50	T	50	24
51	Q	51	25
52	L	52	26
53	K	53	27
54	T	54	28
55	L	55	29
56	A	56	30
57	Q	57	31
58	F	58	32
59	P	59	33
60	N	60	34
61	T	61	35
62	L	62	36
63	L	63	37
64	G	64	38
65	N	65	39
66	P	66	40
67	K	67	41
68	K	68	42
69	R	69	43
70	M	70	44
71	R	71	45
72	Y	72	46
73	F	73	47
74	D	74	48
75	P	75	49
76	L	76	50
77	R	77	51
78	N	78	52
79	E	79	53
80	Y	80	54
81	F	81	55
82	F	82	56
83	D	83	57
84	R	84	58
85	N	85	59
86	R	86	60
87	P	87	61
88	S	88	62
89	F	89	63
90	D	90	64
91	A	91	65
92	I	92	66
93	L	93	67
94	Y	94	68
95	Y	95	69
96	Y	96	70
97	Q	97	71
98	S	98	72
99	G	99	73
100	G	100	74
101	R	101	75
102	L	102	76
103	R	103	77
104	R	104	78
105	P	105	79
106	V	106	80
107	N	107	81
108	V	108	82
109	P	109	83
110	L	110	84
111	D	111	85
112	M	112	86
113	F	113	87
114	S	114	88
115	E	115	89
116	E	116	90
117	I	117	91
118	K	118	92
119	F	119	93
120	Y	120	94
121	E	121	95
122	L	122	96
123	G	123	97
124	E	124	98
125	E	125	99
126	A	126	100
