UNIPROT_SEQ_NUM	UNIPROT	PDBResNumAuthor	PDBResNumCIF
51	S	1	1
52	A	2	2
53	A	3	3
54	P	4	4
55	K	5	5
56	A	6	6
57	G	7	7
58	T	8	8
59	A	9	9
60	T	10	10
61	G	11	11
62	Q	12	12
63	I	13	13
64	V	14	14
65	A	15	15
66	V	16	16
67	I	17	17
68	G	18	18
69	A	19	19
70	V	20	20
71	V	21	21
72	D	22	22
73	V	23	23
74	Q	24	24
75	F	25	25
76	D	26	26
77	E	27	27
78	G	28	28
79	L	29	29
80	P	30	30
81	P	31	31
82	I	32	32
83	L	33	33
84	N	34	34
85	A	35	35
86	L	36	36
87	E	37	37
88	V	38	38
89	Q	39	39
90	G	40	40
91	R	41	41
92	E	42	42
93	S	43	43
94	R	44	44
95	L	45	45
96	V	46	46
97	L	47	47
98	E	48	48
99	V	49	49
100	A	50	50
101	Q	51	51
102	H	52	52
103	L	53	53
104	G	54	54
105	E	55	55
106	S	56	56
107	T	57	57
108	V	58	58
109	R	59	59
110	T	60	60
111	I	61	61
112	A	62	62
113	M	63	63
114	D	64	64
115	G	65	65
116	T	66	66
117	E	67	67
118	G	68	68
119	L	69	69
120	V	70	70
121	R	71	71
122	G	72	72
123	Q	73	73
124	K	74	74
125	V	75	75
126	L	76	76
127	D	77	77
128	S	78	78
129	G	79	79
130	A	80	80
131	P	81	81
132	I	82	82
133	K	83	83
134	I	84	84
135	P	85	85
136	V	86	86
137	G	87	87
138	P	88	88
139	E	89	89
140	T	90	90
141	L	91	91
142	G	92	92
143	R	93	93
144	I	94	94
145	M	95	95
146	N	96	96
147	V	97	97
148	I	98	98
149	G	99	99
150	E	100	100
151	P	101	101
152	I	102	102
153	D	103	103
154	E	104	104
155	R	105	105
156	G	106	106
157	P	107	107
158	I	108	108
159	K	109	109
160	T	110	110
161	K	111	111
162	Q	112	112
163	F	113	113
164	A	114	114
165	P	115	115
166	I	116	116
167	H	117	117
168	A	118	118
169	E	119	119
170	A	120	120
171	P	121	121
172	E	122	122
173	F	123	123
174	I	124	124
175	E	125	125
176	M	126	126
177	S	127	127
178	V	128	128
179	E	129	129
180	Q	130	130
181	E	131	131
182	I	132	132
183	L	133	133
184	V	134	134
185	T	135	135
186	G	136	136
187	I	137	137
188	K	138	138
189	V	139	139
190	V	140	140
191	D	141	141
192	L	142	142
193	L	143	143
194	A	144	144
195	P	145	145
196	Y	146	146
197	A	147	147
198	K	148	148
199	G	149	149
200	G	150	150
201	K	151	151
202	I	152	152
203	G	153	153
204	L	154	154
205	F	155	155
206	G	156	156
207	G	157	157
208	A	158	158
209	G	159	159
210	V	160	160
211	G	161	161
212	K	162	162
213	T	163	163
214	V	164	164
215	L	165	165
216	I	166	166
217	M	167	167
218	E	168	168
219	L	169	169
220	I	170	170
221	N	171	171
222	N	172	172
223	V	173	173
224	A	174	174
225	K	175	175
226	A	176	176
227	H	177	177
228	G	178	178
229	G	179	179
230	Y	180	180
231	S	181	181
232	V	182	182
233	F	183	183
234	A	184	184
235	G	185	185
236	V	186	186
237	G	187	187
238	E	188	188
239	R	189	189
240	T	190	190
241	R	191	191
242	E	192	192
243	G	193	193
244	N	194	194
245	D	195	195
246	L	196	196
247	Y	197	197
248	H	198	198
249	E	199	199
250	M	200	200
251	I	201	201
252	E	202	202
253	S	203	203
254	G	204	204
255	V	205	205
256	I	206	206
257	N	207	207
258	L	208	208
259	K	209	209
260	D	210	210
261	A	211	211
262	T	212	212
263	S	213	213
264	K	214	214
265	V	215	215
266	A	216	216
267	L	217	217
268	V	218	218
269	Y	219	219
270	G	220	220
271	Q	221	221
272	M	222	222
273	N	223	223
274	E	224	224
275	P	225	225
276	P	226	226
277	G	227	227
278	A	228	228
279	R	229	229
280	A	230	230
281	R	231	231
282	V	232	232
283	A	233	233
284	L	234	234
285	T	235	235
286	G	236	236
287	L	237	237
288	T	238	238
289	V	239	239
290	A	240	240
291	E	241	241
292	Y	242	242
293	F	243	243
294	R	244	244
295	D	245	245
296	Q	246	246
297	E	247	247
298	G	248	248
299	Q	249	249
300	D	250	250
301	V	251	251
302	L	252	252
303	L	253	253
304	F	254	254
305	I	255	255
306	D	256	256
307	N	257	257
308	I	258	258
309	F	259	259
310	R	260	260
311	F	261	261
312	T	262	262
313	Q	263	263
314	A	264	264
315	G	265	265
316	S	266	266
317	E	267	267
318	V	268	268
319	S	269	269
320	A	270	270
321	L	271	271
322	L	272	272
323	G	273	273
324	R	274	274
325	I	275	275
326	P	276	276
327	S	277	277
328	A	278	278
329	V	279	279
330	G	280	280
331	Y	281	281
332	Q	282	282
333	P	283	283
334	T	284	284
335	L	285	285
336	A	286	286
337	T	287	287
338	D	288	288
339	M	289	289
340	G	290	290
341	T	291	291
342	M	292	292
343	Q	293	293
344	E	294	294
345	R	295	295
346	I	296	296
347	T	297	297
348	T	298	298
349	T	299	299
350	K	300	300
351	K	301	301
352	G	302	302
353	S	303	303
354	I	304	304
355	T	305	305
356	S	306	306
357	V	307	307
358	Q	308	308
359	A	309	309
360	I	310	310
361	Y	311	311
362	V	312	312
363	P	313	313
364	A	314	314
365	D	315	315
366	D	316	316
367	L	317	317
368	T	318	318
369	D	319	319
370	P	320	320
371	A	321	321
372	P	322	322
373	A	323	323
374	T	324	324
375	T	325	325
376	F	326	326
377	A	327	327
378	H	328	328
379	L	329	329
380	D	330	330
381	A	331	331
382	T	332	332
383	T	333	333
384	V	334	334
385	L	335	335
386	S	336	336
387	R	337	337
388	A	338	338
389	I	339	339
390	A	340	340
391	E	341	341
392	L	342	342
393	G	343	343
394	I	344	344
395	Y	345	345
396	P	346	346
397	A	347	347
398	V	348	348
399	D	349	349
400	P	350	350
401	L	351	351
402	D	352	352
403	S	353	353
404	T	354	354
405	S	355	355
406	R	356	356
407	I	357	357
408	M	358	358
409	D	359	359
410	P	360	360
411	N	361	361
412	I	362	362
413	V	363	363
414	G	364	364
415	S	365	365
416	E	366	366
417	H	367	367
418	Y	368	368
419	D	369	369
420	V	370	370
421	A	371	371
422	R	372	372
423	G	373	373
424	V	374	374
425	Q	375	375
426	K	376	376
427	I	377	377
428	L	378	378
429	Q	379	379
430	D	380	380
431	Y	381	381
432	K	382	382
433	S	383	383
434	L	384	384
435	Q	385	385
436	D	386	386
437	I	387	387
438	I	388	388
439	A	389	389
440	I	390	390
441	L	391	391
442	G	392	392
443	M	393	393
444	D	394	394
445	E	395	395
446	L	396	396
447	S	397	397
448	E	398	398
449	E	399	399
456	R	406	406
457	A	407	407
458	R	408	408
459	K	409	409
460	I	410	410
461	Q	411	411
462	R	412	412
463	F	413	413
464	L	414	414
465	S	415	415
466	Q	416	416
467	P	417	417
468	F	418	418
469	Q	419	419
470	V	420	420
471	A	421	421
472	E	422	422
473	V	423	423
474	F	424	424
475	T	425	425
476	G	426	426
477	H	427	427
478	M	428	428
479	G	429	429
480	K	430	430
481	L	431	431
482	V	432	432
483	P	433	433
484	L	434	434
485	K	435	435
486	E	436	436
487	T	437	437
488	I	438	438
489	K	439	439
490	G	440	440
491	F	441	441
492	Q	442	442
493	Q	443	443
494	I	444	444
495	L	445	445
496	A	446	446
497	G	447	447
498	D	448	448
499	Y	449	449
500	D	450	450
501	H	451	451
502	L	452	452
503	P	453	453
504	E	454	454
505	Q	455	455
506	A	456	456
507	F	457	457
508	Y	458	458
509	M	459	459
510	V	460	460
511	G	461	461
512	P	462	462
513	I	463	463
514	E	464	464
515	E	465	465
516	A	466	466
517	V	467	467
518	A	468	468
519	K	469	469
520	A	470	470
521	D	471	471
522	K	472	472
523	L	473	473
524	A	474	474
525	E	475	475
526	E	476	476
527	H	477	477
