UNIPROT_SEQ_NUM	UNIPROT	PDBResNumAuthor	PDBResNumCIF
5	L	5	4
6	S	6	5
7	A	7	6
8	E	8	7
9	D	9	8
10	K	10	9
11	A	11	10
12	A	12	11
13	V	13	12
14	E	14	13
15	R	15	14
16	S	16	15
17	K	17	16
18	M	18	17
19	I	19	18
20	D	20	19
21	R	21	20
22	N	22	21
23	L	23	22
24	R	24	23
25	E	25	24
26	D	26	25
27	G	27	26
28	E	28	27
29	K	29	28
30	A	30	29
31	A	31	30
32	R	32	31
33	E	33	32
34	V	34	33
35	K	35	34
36	L	36	35
37	L	37	36
38	L	38	37
39	L	39	38
40	G	40	39
41	A	41	40
42	G	42	41
43	E	43	42
44	S	44	43
45	G	45	44
46	K	46	45
47	S	47	46
48	T	48	47
49	I	49	48
50	V	50	49
51	K	51	50
52	Q	52	51
53	M	53	52
54	K	54	53
55	I	55	54
56	I	56	55
57	H	57	56
58	E	58	57
59	A	59	58
60	G	60	59
61	Y	61	60
62	S	62	61
63	E	63	62
64	E	64	63
65	E	65	64
66	C	66	65
67	K	67	66
68	Q	68	67
69	Y	69	68
70	K	70	69
71	A	71	70
72	V	72	71
73	V	73	72
74	Y	74	73
75	S	75	74
76	N	76	75
77	T	77	76
78	I	78	77
79	Q	79	78
80	S	80	79
81	I	81	80
82	I	82	81
83	A	83	82
84	I	84	83
85	I	85	84
86	R	86	85
87	A	87	86
88	M	88	87
89	G	89	88
90	R	90	89
91	L	91	90
92	K	92	91
93	I	93	92
94	D	94	93
95	F	95	94
96	G	96	95
97	D	97	96
98	A	98	97
99	A	99	98
100	R	100	99
101	A	101	100
102	D	102	101
103	D	103	102
104	A	104	103
105	R	105	104
106	Q	106	105
107	L	107	106
108	F	108	107
109	V	109	108
110	L	110	109
111	A	111	110
112	G	112	111
113	A	113	112
114	A	114	113
115	E	115	114
116	E	116	115
117	G	117	116
118	F	118	117
119	M	119	118
120	T	120	119
121	A	121	120
122	E	122	121
123	L	123	122
124	A	124	123
125	G	125	124
126	V	126	125
127	I	127	126
128	K	128	127
129	R	129	128
130	L	130	129
131	W	131	130
132	K	132	131
133	D	133	132
134	S	134	133
135	G	135	134
136	V	136	135
137	Q	137	136
138	A	138	137
139	C	139	138
140	F	140	139
141	N	141	140
142	R	142	141
143	S	143	142
144	R	144	143
145	E	145	144
146	Y	146	145
147	Q	147	146
148	L	148	147
149	N	149	148
150	D	150	149
151	S	151	150
152	A	152	151
153	A	153	152
154	Y	154	153
155	Y	155	154
156	L	156	155
157	N	157	156
158	D	158	157
159	L	159	158
160	D	160	159
161	R	161	160
162	I	162	161
163	A	163	162
164	Q	164	163
165	P	165	164
166	N	166	165
167	Y	167	166
168	I	168	167
169	P	169	168
170	T	170	169
171	Q	171	170
172	Q	172	171
173	D	173	172
174	V	174	173
175	L	175	174
176	R	176	175
177	T	177	176
178	R	178	177
179	V	179	178
180	K	180	179
181	T	181	180
182	T	182	181
183	G	183	182
184	I	184	183
185	V	185	184
186	E	186	185
187	T	187	186
188	H	188	187
189	F	189	188
190	T	190	189
191	F	191	190
192	K	192	191
193	D	193	192
194	L	194	193
195	H	195	194
196	F	196	195
197	K	197	196
198	M	198	197
199	F	199	198
200	D	200	199
201	V	201	200
202	G	202	201
203	G	203	202
204	Q	204	203
205	R	205	204
206	S	206	205
207	E	207	206
208	R	208	207
209	K	209	208
210	K	210	209
211	W	211	210
212	I	212	211
213	H	213	212
214	C	214	213
215	F	215	214
216	E	216	215
217	G	217	216
218	V	218	217
219	T	219	218
220	A	220	219
221	I	221	220
222	I	222	221
223	F	223	222
224	C	224	223
225	V	225	224
226	A	226	225
227	L	227	226
228	S	228	227
229	D	229	228
230	Y	230	229
231	D	231	230
232	L	232	231
233	V	233	232
234	L	234	233
235	A	235	234
236	E	236	235
237	D	237	236
238	E	238	237
239	E	239	238
240	M	240	239
241	N	241	240
242	R	242	241
243	M	243	242
244	H	244	243
245	E	245	244
246	S	246	245
247	M	247	246
248	K	248	247
249	L	249	248
250	F	250	249
251	D	251	250
252	S	252	251
253	I	253	252
254	C	254	253
255	N	255	254
256	N	256	255
257	K	257	256
258	W	258	257
259	F	259	258
260	T	260	259
261	D	261	260
262	T	262	261
263	S	263	262
264	I	264	263
265	I	265	264
266	L	266	265
267	F	267	266
268	L	268	267
269	N	269	268
270	K	270	269
271	K	271	270
272	D	272	271
273	L	273	272
274	F	274	273
275	E	275	274
276	E	276	275
277	K	277	276
278	I	278	277
279	K	279	278
280	K	280	279
281	S	281	280
282	P	282	281
283	L	283	282
284	T	284	283
285	I	285	284
286	C	286	285
287	Y	287	286
288	P	288	287
289	E	289	288
290	Y	290	289
291	A	291	290
292	G	292	291
293	S	293	292
294	N	294	293
295	T	295	294
296	Y	296	295
297	E	297	296
298	E	298	297
299	A	299	298
300	A	300	299
301	A	301	300
302	Y	302	301
303	I	303	302
304	Q	304	303
305	C	305	304
306	Q	306	305
307	F	307	306
308	E	308	307
309	D	309	308
310	L	310	309
311	N	311	310
312	K	312	311
313	R	313	312
314	K	314	313
315	D	315	314
316	T	316	315
317	K	317	316
318	E	318	317
319	I	319	318
320	Y	320	319
321	T	321	320
322	H	322	321
323	F	323	322
324	T	324	323
325	C	325	324
326	A	326	325
327	T	327	326
328	D	328	327
329	T	329	328
330	K	330	329
331	N	331	330
332	V	332	331
333	Q	333	332
334	F	334	333
335	V	335	334
336	F	336	335
337	D	337	336
338	A	338	337
339	V	339	338
340	T	340	339
341	D	341	340
342	V	342	341
343	I	343	342
344	I	344	343
345	K	345	344
346	N	346	345
347	N	347	346
348	L	348	347
349	K	349	348
350	D	350	349
351	C	351	350
352	G	352	351
353	L	353	352
354	F	354	353
