UNIPROT_SEQ_NUM	UNIPROT	PDBResNumAuthor	PDBResNumCIF
2	G	2	2
3	V	3	3
4	D	4	4
5	I	5	5
6	R	6	6
7	H	7	7
8	N	8	8
9	K	9	9
10	D	10	10
11	R	11	11
12	K	12	12
13	V	13	13
14	R	14	14
15	R	15	15
16	K	16	16
17	E	17	17
18	P	18	18
19	K	19	19
20	S	20	20
21	Q	21	21
22	D	22	22
23	I	23	23
24	Y	24	24
25	L	25	25
26	R	26	26
27	L	27	27
28	L	28	28
29	V	29	29
30	K	30	30
31	L	31	31
32	Y	32	32
33	R	33	33
34	F	34	34
35	L	35	35
36	A	36	36
37	R	37	37
38	R	38	38
39	T	39	39
40	N	40	40
41	S	41	41
42	T	42	42
43	F	43	43
44	N	44	44
45	Q	45	45
46	V	46	46
47	V	47	47
48	L	48	48
49	K	49	49
50	R	50	50
51	L	51	51
52	F	52	52
53	M	53	53
54	S	54	54
55	R	55	55
56	T	56	56
57	N	57	57
58	R	58	58
59	P	59	59
60	P	60	60
61	L	61	61
62	S	62	62
63	L	63	63
64	S	64	64
65	R	65	65
66	M	66	66
67	I	67	67
68	R	68	68
69	K	69	69
70	M	70	70
71	K	71	71
72	L	72	72
73	P	73	73
74	G	74	74
75	R	75	75
76	E	76	76
77	N	77	77
78	K	78	78
79	T	79	79
80	A	80	80
81	V	81	81
82	V	82	82
83	V	83	83
84	G	84	84
85	T	85	85
86	I	86	86
87	T	87	87
88	D	88	88
89	D	89	89
90	V	90	90
91	R	91	91
92	I	92	92
93	L	93	93
94	E	94	94
95	V	95	95
96	P	96	96
97	K	97	97
98	L	98	98
99	K	99	99
100	V	100	100
101	C	101	101
102	A	102	102
103	L	103	103
104	R	104	104
105	V	105	105
106	S	106	106
107	S	107	107
108	R	108	108
109	A	109	109
110	R	110	110
111	S	111	111
112	R	112	112
113	I	113	113
114	L	114	114
115	K	115	115
116	A	116	116
117	G	117	117
118	G	118	118
119	K	119	119
120	I	120	120
121	L	121	121
122	T	122	122
123	F	123	123
124	D	124	124
125	Q	125	125
126	L	126	126
127	A	127	127
128	L	128	128
129	E	129	129
130	S	130	130
131	P	131	131
132	K	132	132
133	G	133	133
134	R	134	134
135	G	135	135
136	T	136	136
137	V	137	137
138	L	138	138
139	L	139	139
140	S	140	140
141	G	141	141
142	P	142	142
143	R	143	143
144	K	144	144
145	G	145	145
146	R	146	146
147	E	147	147
148	V	148	148
149	Y	149	149
150	R	150	150
151	H	151	151
152	F	152	152
153	G	153	153
154	K	154	154
155	A	155	155
156	P	156	156
157	G	157	157
158	T	158	158
159	P	159	159
160	H	160	160
161	S	161	161
162	H	162	162
163	T	163	163
164	K	164	164
165	P	165	165
166	Y	166	166
167	V	167	167
168	R	168	168
169	S	169	169
170	K	170	170
171	G	171	171
172	R	172	172
173	K	173	173
174	F	174	174
175	E	175	175
176	R	176	176
177	A	177	177
178	R	178	178
179	G	179	179
180	R	180	180
181	R	181	181
182	A	182	182
183	S	183	183
184	R	184	184
185	G	185	185
186	Y	186	186
187	K	187	187
188	N	188	188
