UNIPROT_SEQ_NUM	UNIPROT	PDBResNumAuthor	PDBResNumCIF
1	M	1	1
2	K	2	2
3	F	3	3
4	N	4	4
5	P	5	5
6	F	6	6
7	V	7	7
8	T	8	8
9	S	9	9
10	D	10	10
11	R	11	11
12	S	12	12
13	K	13	13
14	N	14	14
15	R	15	15
16	K	16	16
17	R	17	17
18	H	18	18
19	F	19	19
20	N	20	20
21	A	21	21
22	P	22	22
23	S	23	23
24	H	24	24
25	I	25	25
26	R	26	26
27	R	27	27
28	K	28	28
29	I	29	29
30	M	30	30
31	S	31	31
32	S	32	32
33	P	33	33
34	L	34	34
35	S	35	35
36	K	36	36
37	E	37	37
38	L	38	38
39	R	39	39
40	Q	40	40
41	K	41	41
42	Y	42	42
43	N	43	43
44	V	44	44
45	R	45	45
46	S	46	46
47	M	47	47
48	P	48	48
49	I	49	49
50	R	50	50
51	K	51	51
52	D	52	52
53	D	53	53
54	E	54	54
55	V	55	55
56	Q	56	56
57	V	57	57
58	V	58	58
59	R	59	59
60	G	60	60
61	H	61	61
62	Y	62	62
63	K	63	63
64	G	64	64
65	Q	65	65
66	Q	66	66
67	I	67	67
68	G	68	68
69	K	69	69
70	V	70	70
71	V	71	71
72	Q	72	72
73	V	73	73
74	Y	74	74
75	R	75	75
76	K	76	76
77	K	77	77
78	Y	78	78
79	V	79	79
80	I	80	80
81	Y	81	81
82	I	82	82
83	E	83	83
84	R	84	84
85	V	85	85
86	Q	86	86
87	R	87	87
88	E	88	88
89	K	89	89
90	A	90	90
91	N	91	91
92	G	92	92
93	T	93	93
94	T	94	94
95	V	95	95
96	H	96	96
97	V	97	97
98	G	98	98
99	I	99	99
100	R	100	100
101	P	101	101
102	S	102	102
103	K	103	103
104	V	104	104
105	V	105	105
106	I	106	106
107	T	107	107
108	R	108	108
109	L	109	109
110	K	110	110
111	L	111	111
112	D	112	112
113	K	113	113
114	D	114	114
115	R	115	115
116	K	116	116
117	K	117	117
118	I	118	118
119	L	119	119
120	E	120	120
121	R	121	121
122	K	122	122
123	A	123	123
124	K	124	124
125	S	125	125
126	R	126	126
127	Q	127	127
128	V	128	128
129	G	129	129
130	K	130	130
131	E	131	131
132	K	132	132
133	G	133	133
134	K	134	134
