UNIPROT_SEQ_NUM	UNIPROT	PDBResNumAuthor	PDBResNumCIF
15	I	15	15
16	S	16	16
17	L	17	17
18	G	18	18
19	P	19	19
20	Q	20	20
21	V	21	21
22	A	22	22
23	E	23	23
24	G	24	24
25	E	25	25
26	N	26	26
27	V	27	27
28	F	28	28
29	G	29	29
30	V	30	30
31	C	31	31
32	H	32	32
33	I	33	33
34	F	34	34
35	A	35	35
36	S	36	36
37	F	37	37
38	N	38	38
39	D	39	39
40	T	40	40
41	F	41	41
42	V	42	42
43	H	43	43
44	V	44	44
45	T	45	45
46	D	46	46
47	L	47	47
48	S	48	48
49	G	49	49
50	K	50	50
51	E	51	51
52	T	52	52
53	I	53	53
54	C	54	54
55	R	55	55
56	V	56	56
57	T	57	57
58	G	58	58
59	G	59	59
60	M	60	60
61	K	61	61
62	V	62	62
63	K	63	63
64	A	64	64
65	D	65	65
66	R	66	66
67	D	67	67
68	E	68	68
69	S	69	69
70	S	70	70
71	P	71	71
72	Y	72	72
73	A	73	73
74	A	74	74
75	M	75	75
76	L	76	76
77	A	77	77
78	A	78	78
79	Q	79	79
80	D	80	80
81	V	81	81
82	A	82	82
83	Q	83	83
84	R	84	84
85	C	85	85
86	K	86	86
87	E	87	87
88	L	88	88
89	G	89	89
90	I	90	90
91	T	91	91
92	A	92	92
93	L	93	93
94	H	94	94
95	I	95	95
96	K	96	96
97	L	97	97
98	R	98	98
99	A	99	99
100	T	100	100
101	G	101	101
102	G	102	102
103	N	103	103
104	R	104	104
105	T	105	105
106	K	106	106
107	T	107	107
108	P	108	108
109	G	109	109
110	P	110	110
111	G	111	111
112	A	112	112
113	Q	113	113
114	S	114	114
115	A	115	115
116	L	116	116
117	R	117	117
118	A	118	118
119	L	119	119
120	A	120	120
121	R	121	121
122	S	122	122
123	G	123	123
124	M	124	124
125	K	125	125
126	I	126	126
127	G	127	127
128	R	128	128
129	I	129	129
130	E	130	130
131	D	131	131
132	V	132	132
133	T	133	133
134	P	134	134
135	I	135	135
136	P	136	136
137	S	137	137
138	D	138	138
139	S	139	139
140	T	140	140
141	R	141	141
142	R	142	142
143	K	143	143
144	G	144	144
145	G	145	145
146	R	146	146
147	R	147	147
148	G	148	148
149	R	149	149
150	R	150	150
151	L	151	151
