UNIPROT_SEQ_NUM	UNIPROT	PDBResNumAuthor	PDBResNumCIF
23	A	1	1
24	E	2	2
25	P	3	3
26	R	4	4
27	L	5	5
28	P	6	6
29	L	7	7
30	M	8	8
31	Y	9	9
32	H	10	10
33	L	11	11
34	A	12	12
35	A	13	13
36	V	14	14
37	S	15	15
38	D	16	16
39	L	17	17
40	S	18	18
41	T	19	19
42	G	20	20
43	L	21	21
44	P	22	22
45	S	23	23
46	F	24	24
47	W	25	25
48	A	26	26
49	T	27	27
50	G	28	28
51	W	29	29
52	L	30	30
53	G	31	31
54	A	32	32
55	Q	33	33
56	Q	34	34
57	Y	35	35
58	L	36	36
59	T	37	37
60	Y	38	38
61	N	39	39
62	N	40	40
63	L	41	41
64	R	42	42
65	Q	43	43
66	E	44	44
67	A	45	45
68	D	46	46
69	P	47	47
70	C	48	48
71	G	49	49
72	A	50	50
73	W	51	51
74	I	52	52
75	W	53	53
76	E	54	54
77	N	55	55
78	Q	56	56
79	V	57	57
80	S	58	58
81	W	59	59
82	Y	60	60
83	W	61	61
84	E	62	62
85	K	63	63
86	E	64	64
87	T	65	65
88	T	66	66
89	D	67	67
90	L	68	68
91	K	69	69
92	S	70	70
93	K	71	71
94	E	72	72
95	Q	73	73
96	L	74	74
97	F	75	75
98	L	76	76
99	E	77	77
100	A	78	78
101	I	79	79
102	R	80	80
103	T	81	81
104	L	82	82
105	E	83	83
106	N	84	84
107	Q	85	85
108	I	86	86
109	N	87	87
110	G	88	88
111	T	89	89
112	F	90	90
113	T	91	91
114	L	92	92
115	Q	93	93
116	G	94	94
117	L	95	95
118	L	96	96
119	G	97	97
120	C	98	98
121	E	99	99
122	L	100	100
123	A	101	101
124	P	102	102
125	D	103	103
126	N	104	104
127	S	105	105
128	S	106	106
129	L	107	107
130	P	108	108
131	T	109	109
132	A	110	110
133	V	111	111
134	F	112	112
135	A	113	113
136	L	114	114
137	N	115	115
138	G	116	116
139	E	117	117
140	E	118	118
141	F	119	119
142	M	120	120
143	R	121	121
144	F	122	122
145	N	123	123
146	P	124	124
147	R	125	125
148	T	126	126
149	G	127	127
150	N	128	128
151	W	129	129
152	S	130	130
153	G	131	131
154	E	132	132
155	W	133	133
156	P	134	134
157	E	135	135
158	T	136	136
159	D	137	137
160	I	138	138
161	V	139	139
162	G	140	140
163	N	141	141
164	L	142	142
165	W	143	143
166	M	144	144
167	K	145	145
168	Q	146	146
169	P	147	147
170	E	148	148
171	A	149	149
172	A	150	150
173	R	151	151
174	K	152	152
175	E	153	153
176	S	154	154
177	E	155	155
178	F	156	156
179	L	157	157
180	L	158	158
181	T	159	159
182	S	160	160
183	C	161	161
184	P	162	162
185	E	163	163
186	R	164	164
187	L	165	165
188	L	166	166
189	G	167	167
190	H	168	168
191	L	169	169
192	E	170	170
193	R	171	171
194	G	172	172
195	R	173	173
196	Q	174	174
197	N	175	175
198	L	176	176
199	E	177	177
200	W	178	178
201	K	179	179
202	E	180	180
203	P	181	181
204	P	182	182
205	S	183	183
206	M	184	184
207	R	185	185
208	L	186	186
209	K	187	187
210	A	188	188
211	R	189	189
212	P	190	190
213	G	191	191
214	N	192	192
215	S	193	193
216	G	194	194
217	S	195	195
218	S	196	196
219	V	197	197
220	L	198	198
221	T	199	199
222	C	200	200
223	A	201	201
224	A	202	202
225	F	203	203
226	S	204	204
227	F	205	205
228	Y	206	206
229	P	207	207
230	P	208	208
231	E	209	209
232	L	210	210
233	K	211	211
234	F	212	212
235	R	213	213
236	F	214	214
237	L	215	215
238	R	216	216
239	N	217	217
240	G	218	218
241	L	219	219
242	A	220	220
243	S	221	221
244	G	222	222
245	S	223	223
246	G	224	224
247	N	225	225
248	C	226	226
249	S	227	227
250	T	228	228
251	G	229	229
252	P	230	230
253	N	231	231
254	G	232	232
255	D	233	233
256	G	234	234
257	S	235	235
258	F	236	236
259	H	237	237
260	A	238	238
261	W	239	239
262	S	240	240
263	L	241	241
264	L	242	242
265	E	243	243
266	V	244	244
267	K	245	245
268	R	246	246
269	G	247	247
270	D	248	248
271	E	249	249
272	H	250	250
273	H	251	251
274	Y	252	252
275	Q	253	253
276	C	254	254
277	Q	255	255
278	V	256	256
279	E	257	257
280	H	258	258
281	E	259	259
282	G	260	260
283	L	261	261
284	A	262	262
285	Q	263	263
286	P	264	264
287	L	265	265
288	T	266	266
289	V	267	267
290	D	268	268
291	L	269	269
