UNIPROT_SEQ_NUM	UNIPROT	PDBResNumAuthor	PDBResNumCIF
66	V	23	23
67	D	24	24
68	L	25	25
69	E	26	26
70	E	27	27
71	T	28	28
72	G	29	29
73	R	30	30
74	V	31	31
75	L	32	32
76	S	33	33
77	I	34	34
78	G	35	35
79	D	36	36
80	G	37	37
81	I	38	38
82	A	39	39
83	R	40	40
84	V	41	41
85	H	42	42
86	G	43	43
87	L	44	44
88	R	45	45
89	N	46	46
90	V	47	47
91	Q	48	48
92	A	49	49
93	E	50	50
94	E	51	51
95	M	52	52
96	V	53	53
97	E	54	54
98	F	55	55
99	S	56	56
100	S	57	57
101	G	58	58
102	L	59	59
103	K	60	60
104	G	61	61
105	M	62	62
106	S	63	63
107	L	64	64
108	N	65	65
109	L	66	66
110	E	67	67
111	P	68	68
112	D	69	69
113	N	70	70
114	V	71	71
115	G	72	72
116	V	73	73
117	V	74	74
118	V	75	75
119	F	76	76
120	G	77	77
121	N	78	78
122	D	79	79
123	K	80	80
124	L	81	81
125	I	82	82
126	K	83	83
127	E	84	84
128	G	85	85
129	D	86	86
130	I	87	87
131	V	88	88
132	K	89	89
133	R	90	90
134	T	91	91
135	G	92	92
136	A	93	93
137	I	94	94
138	V	95	95
139	D	96	96
140	V	97	97
141	P	98	98
142	V	99	99
143	G	100	100
144	D	101	101
145	E	102	102
146	L	103	103
147	L	104	104
148	G	105	105
149	R	106	106
150	V	107	107
151	V	108	108
152	D	109	109
153	A	110	110
154	L	111	111
155	G	112	112
156	N	113	113
157	A	114	114
158	I	115	115
159	D	116	116
160	G	117	117
161	K	118	118
162	G	119	119
163	P	120	120
164	V	121	121
165	G	122	122
166	S	123	123
167	K	124	124
168	I	125	125
169	R	126	126
170	R	127	127
171	R	128	128
172	V	129	129
173	G	130	130
174	L	131	131
175	K	132	132
176	A	133	133
177	P	134	134
178	G	135	135
179	I	136	136
180	I	137	137
181	P	138	138
182	R	139	139
183	I	140	140
184	S	141	141
185	V	142	142
186	R	143	143
187	E	144	144
188	P	145	145
189	M	146	146
190	Q	147	147
191	T	148	148
192	G	149	149
193	I	150	150
194	K	151	151
195	A	152	152
196	V	153	153
197	D	154	154
198	S	155	155
199	L	156	156
200	V	157	157
201	P	158	158
202	I	159	159
203	G	160	160
204	R	161	161
205	G	162	162
206	Q	163	163
207	R	164	164
208	E	165	165
209	L	166	166
210	I	167	167
211	I	168	168
212	G	169	169
213	D	170	170
214	R	171	171
215	Q	172	172
216	T	173	173
217	G	174	174
218	K	175	175
219	T	176	176
220	S	177	177
221	I	178	178
222	A	179	179
223	I	180	180
224	D	181	181
225	T	182	182
226	I	183	183
227	I	184	184
228	N	185	185
229	Q	186	186
230	K	187	187
231	R	188	188
232	F	189	189
233	N	190	190
234	D	191	191
235	G	192	192
236	T	193	193
237	D	194	194
238	E	195	195
239	K	196	196
240	K	197	197
241	K	198	198
242	L	199	199
243	Y	200	200
244	C	201	201
245	I	202	202
246	Y	203	203
247	V	204	204
248	A	205	205
249	I	206	206
250	G	207	207
251	Q	208	208
252	K	209	209
253	R	210	210
254	S	211	211
255	T	212	212
256	V	213	213
257	A	214	214
258	Q	215	215
259	L	216	216
260	V	217	217
261	K	218	218
262	R	219	219
263	L	220	220
264	T	221	221
265	D	222	222
266	A	223	223
267	D	224	224
268	A	225	225
269	M	226	226
270	K	227	227
271	Y	228	228
272	T	229	229
273	I	230	230
274	V	231	231
275	V	232	232
276	S	233	233
277	A	234	234
278	T	235	235
279	A	236	236
280	S	237	237
281	D	238	238
282	A	239	239
283	A	240	240
284	P	241	241
285	L	242	242
286	Q	243	243
287	Y	244	244
288	L	245	245
289	A	246	246
290	P	247	247
291	Y	248	248
292	S	249	249
293	G	250	250
294	C	251	251
295	S	252	252
296	M	253	253
297	G	254	254
298	E	255	255
299	Y	256	256
300	F	257	257
301	R	258	258
302	D	259	259
303	N	260	260
304	G	261	261
305	K	262	262
306	H	263	263
307	A	264	264
308	L	265	265
309	I	266	266
310	I	267	267
311	Y	268	268
312	D	269	269
313	D	270	270
314	L	271	271
315	S	272	272
316	K	273	273
317	Q	274	274
318	A	275	275
319	V	276	276
320	A	277	277
321	Y	278	278
322	R	279	279
323	Q	280	280
324	M	281	281
325	S	282	282
326	L	283	283
327	L	284	284
328	L	285	285
329	R	286	286
330	R	287	287
331	P	288	288
332	P	289	289
333	G	290	290
334	R	291	291
335	E	292	292
336	A	293	293
337	Y	294	294
338	P	295	295
339	G	296	296
340	D	297	297
341	V	298	298
342	F	299	299
343	Y	300	300
344	L	301	301
345	H	302	302
346	S	303	303
347	R	304	304
348	L	305	305
349	L	306	306
350	E	307	307
351	R	308	308
352	A	309	309
353	A	310	310
354	K	311	311
355	M	312	312
356	N	313	313
357	D	314	314
358	S	315	315
359	F	316	316
360	G	317	317
361	G	318	318
362	G	319	319
363	S	320	320
364	L	321	321
365	T	322	322
366	A	323	323
367	L	324	324
368	P	325	325
369	V	326	326
370	I	327	327
371	E	328	328
372	T	329	329
373	Q	330	330
374	A	331	331
375	G	332	332
376	D	333	333
377	V	334	334
378	S	335	335
379	A	336	336
380	Y	337	337
381	I	338	338
382	P	339	339
383	T	340	340
384	N	341	341
385	V	342	342
386	I	343	343
387	S	344	344
388	I	345	345
389	T	346	346
390	D	347	347
391	G	348	348
392	Q	349	349
393	I	350	350
394	F	351	351
395	L	352	352
396	E	353	353
397	T	354	354
398	E	355	355
399	L	356	356
400	F	357	357
401	Y	358	358
402	K	359	359
403	G	360	360
404	I	361	361
405	R	362	362
406	P	363	363
407	A	364	364
408	I	365	365
409	N	366	366
410	V	367	367
411	G	368	368
412	L	369	369
413	S	370	370
414	V	371	371
415	S	372	372
416	R	373	373
417	V	374	374
418	G	375	375
419	S	376	376
420	A	377	377
421	A	378	378
422	Q	379	379
423	T	380	380
424	R	381	381
425	A	382	382
426	M	383	383
427	K	384	384
428	Q	385	385
429	V	386	386
430	A	387	387
431	G	388	388
432	T	389	389
433	M	390	390
434	K	391	391
435	L	392	392
436	E	393	393
437	L	394	394
438	A	395	395
439	Q	396	396
440	Y	397	397
441	R	398	398
442	E	399	399
443	V	400	400
444	A	401	401
445	A	402	402
446	F	403	403
447	A	404	404
448	Q	405	405
449	F	406	406
450	G	407	407
451	S	408	408
452	D	409	409
453	L	410	410
454	D	411	411
455	A	412	412
456	A	413	413
457	T	414	414
458	Q	415	415
459	Q	416	416
460	L	417	417
461	L	418	418
462	S	419	419
463	R	420	420
464	G	421	421
465	V	422	422
466	R	423	423
467	L	424	424
468	T	425	425
469	E	426	426
470	L	427	427
471	L	428	428
472	K	429	429
473	Q	430	430
474	G	431	431
475	Q	432	432
476	Y	433	433
477	S	434	434
478	P	435	435
479	M	436	436
480	A	437	437
481	I	438	438
482	E	439	439
483	E	440	440
484	Q	441	441
485	V	442	442
486	A	443	443
487	V	444	444
488	I	445	445
489	Y	446	446
490	A	447	447
491	G	448	448
492	V	449	449
493	R	450	450
494	G	451	451
495	Y	452	452
496	L	453	453
497	D	454	454
498	K	455	455
499	L	456	456
500	E	457	457
501	P	458	458
502	S	459	459
503	K	460	460
504	I	461	461
505	T	462	462
506	K	463	463
507	F	464	464
508	E	465	465
509	S	466	466
510	A	467	467
511	F	468	468
512	L	469	469
513	S	470	470
514	H	471	471
515	V	472	472
516	V	473	473
517	S	474	474
518	Q	475	475
519	H	476	476
520	Q	477	477
521	S	478	478
522	L	479	479
523	L	480	480
524	G	481	481
525	N	482	482
526	I	483	483
527	R	484	484
528	S	485	485
529	D	486	486
530	G	487	487
531	K	488	488
532	I	489	489
533	S	490	490
534	E	491	491
535	Q	492	492
536	S	493	493
537	D	494	494
538	A	495	495
539	K	496	496
540	L	497	497
541	K	498	498
542	E	499	499
543	I	500	500
544	V	501	501
545	T	502	502
