UNIPROT_SEQ_NUM	UNIPROT	PDBResNumAuthor	PDBResNumCIF
25	G	1	1
26	S	2	2
27	H	3	3
28	S	4	4
29	L	5	5
30	R	6	6
31	Y	7	7
32	F	8	8
33	Y	9	9
34	T	10	10
35	A	11	11
36	V	12	12
37	S	13	13
38	R	14	14
39	P	15	15
40	G	16	16
41	L	17	17
42	G	18	18
43	E	19	19
44	P	20	20
45	R	21	21
46	F	22	22
47	I	23	23
48	A	24	24
49	V	25	25
50	G	26	26
51	Y	27	27
52	V	28	28
53	D	29	29
54	D	30	30
55	T	31	31
56	E	32	32
57	F	33	33
58	V	34	34
59	R	35	35
60	F	36	36
61	D	37	37
62	S	38	38
63	D	39	39
64	A	40	40
65	E	41	41
66	N	42	42
67	P	43	43
68	R	44	44
69	M	45	45
70	E	46	46
71	P	47	47
72	R	48	48
73	A	49	49
74	R	50	50
75	W	51	51
76	M	52	52
77	E	53	53
78	R	54	54
79	E	55	55
80	G	56	56
81	P	57	57
82	E	58	58
83	Y	59	59
84	W	60	60
85	E	61	61
86	Q	62	62
87	Q	63	63
88	T	64	64
89	R	65	65
90	I	66	66
91	A	67	67
92	K	68	68
93	E	69	69
94	W	70	70
95	E	71	71
96	Q	72	72
97	I	73	73
98	Y	74	74
99	R	75	75
100	V	76	76
101	D	77	77
102	L	78	78
103	R	79	79
104	T	80	80
105	L	81	81
106	R	82	82
107	G	83	83
108	Y	84	84
109	Y	85	85
110	N	86	86
111	Q	87	87
112	S	88	88
113	E	89	89
114	G	90	90
115	G	91	91
116	S	92	92
117	H	93	93
118	T	94	94
119	I	95	95
120	Q	96	96
121	E	97	97
122	M	98	98
123	Y	99	99
124	G	100	100
125	C	101	101
126	D	102	102
127	V	103	103
128	G	104	104
129	S	105	105
130	D	106	106
131	G	107	107
132	S	108	108
133	L	109	109
134	L	110	110
135	R	111	111
136	G	112	112
137	Y	113	113
138	R	114	114
139	Q	115	115
140	D	116	116
141	A	117	117
142	Y	118	118
143	D	119	119
144	G	120	120
145	R	121	121
146	D	122	122
147	Y	123	123
148	I	124	124
149	A	125	125
150	L	126	126
151	N	127	127
152	E	128	128
153	D	129	129
154	L	130	130
155	K	131	131
156	T	132	132
157	W	133	133
158	T	134	134
159	A	135	135
160	A	136	136
161	D	137	137
162	F	138	138
163	A	139	139
164	A	140	140
165	Q	141	141
166	I	142	142
167	T	143	143
168	R	144	144
169	N	145	145
170	K	146	146
171	W	147	147
172	E	148	148
173	R	149	149
174	A	150	150
175	R	151	151
176	Y	152	152
177	A	153	153
178	E	154	154
179	R	155	155
180	L	156	156
181	R	157	157
182	A	158	158
183	Y	159	159
184	L	160	160
185	E	161	161
186	G	162	162
187	T	163	163
188	C	164	164
189	V	165	165
190	E	166	166
191	W	167	167
192	L	168	168
193	S	169	169
194	R	170	170
195	Y	171	171
196	L	172	172
197	E	173	173
198	L	174	174
199	G	175	175
200	K	176	176
201	E	177	177
202	T	178	178
203	L	179	179
204	L	180	180
205	R	181	181
206	S	182	182
207	D	183	183
208	P	184	184
209	P	185	185
210	E	186	186
211	A	187	187
212	H	188	188
213	V	189	189
214	T	190	190
215	L	191	191
216	H	192	192
217	P	193	193
218	R	194	194
219	P	195	195
220	E	196	196
221	G	197	197
222	D	198	198
223	V	199	199
224	T	200	200
225	L	201	201
226	R	202	202
227	C	203	203
228	W	204	204
229	A	205	205
230	L	206	206
231	G	207	207
232	F	208	208
233	Y	209	209
234	P	210	210
235	A	211	211
236	D	212	212
237	I	213	213
238	T	214	214
239	L	215	215
240	T	216	216
241	W	217	217
242	Q	218	218
243	L	219	219
244	N	220	220
245	G	221	221
246	E	222	222
247	D	223	223
248	L	224	224
249	T	225	225
250	Q	226	226
251	D	227	227
252	M	228	228
253	E	229	229
254	L	230	230
255	V	231	231
256	E	232	232
257	T	233	233
258	R	234	234
259	P	235	235
260	A	236	236
261	G	237	237
262	D	238	238
263	G	239	239
264	T	240	240
265	F	241	241
266	Q	242	242
267	K	243	243
268	W	244	244
269	A	245	245
270	S	246	246
271	V	247	247
272	V	248	248
273	V	249	249
274	P	250	250
275	L	251	251
276	G	252	252
277	K	253	253
278	E	254	254
279	Q	255	255
280	N	256	256
281	Y	257	257
282	T	258	258
283	C	259	259
284	R	260	260
285	V	261	261
286	E	262	262
287	H	263	263
288	E	264	264
289	G	265	265
290	L	266	266
291	P	267	267
292	K	268	268
293	P	269	269
294	L	270	270
295	S	271	271
296	Q	272	272
297	R	273	273
298	W	274	274
299	E	275	275
