UNIPROT_SEQ_NUM	UNIPROT	PDBResNumAuthor	PDBResNumCIF
2	P	2	2
3	G	3	3
4	V	4	4
5	T	5	5
6	V	6	6
7	K	7	7
8	D	8	8
9	V	9	9
10	N	10	10
11	Q	11	11
12	Q	12	12
13	E	13	13
14	F	14	14
15	V	15	15
16	R	16	16
17	A	17	17
18	L	18	18
19	A	19	19
20	A	20	20
21	F	21	21
22	L	22	22
23	K	23	23
24	K	24	24
25	S	25	25
26	G	26	26
27	K	27	27
28	L	28	28
29	K	29	29
30	V	30	30
31	P	31	31
32	E	32	32
33	W	33	33
34	V	34	34
35	D	35	35
36	T	36	36
37	V	37	37
38	K	38	38
39	L	39	39
40	A	40	40
41	K	41	41
42	H	42	42
43	K	43	43
44	E	44	44
45	L	45	45
46	A	46	46
47	P	47	47
48	Y	48	48
49	D	49	49
50	E	50	50
51	N	51	51
52	W	52	52
53	F	53	53
54	Y	54	54
55	T	55	55
56	R	56	56
57	A	57	57
58	A	58	58
59	S	59	59
60	T	60	60
61	A	61	61
62	R	62	62
63	H	63	63
64	L	64	64
65	Y	65	65
66	L	66	66
67	R	67	67
68	G	68	68
69	G	69	69
70	A	70	70
71	G	71	71
72	V	72	72
73	G	73	73
74	S	74	74
75	M	75	75
76	T	76	76
77	K	77	77
78	I	78	78
79	Y	79	79
80	G	80	80
81	G	81	81
82	R	82	82
83	Q	83	83
84	R	84	84
85	N	85	85
86	G	86	86
87	V	87	87
88	R	88	88
89	P	89	89
90	S	90	90
91	H	91	91
92	F	92	92
93	S	93	93
94	R	94	94
95	G	95	95
96	S	96	96
97	K	97	97
98	S	98	98
99	V	99	99
100	A	100	100
101	R	101	101
102	R	102	102
103	V	103	103
104	L	104	104
105	Q	105	105
106	A	106	106
107	L	107	107
108	E	108	108
109	G	109	109
110	L	110	110
111	K	111	111
112	M	112	112
113	V	113	113
114	E	114	114
115	K	115	115
116	D	116	116
117	Q	117	117
118	D	118	118
119	G	119	119
120	G	120	120
121	R	121	121
122	K	122	122
123	L	123	123
124	T	124	124
125	P	125	125
126	Q	126	126
127	G	127	127
128	Q	128	128
129	R	129	129
130	D	130	130
131	L	131	131
132	D	132	132
133	R	133	133
134	I	134	134
135	A	135	135
136	G	136	136
137	Q	137	137
138	V	138	138
139	A	139	139
140	A	140	140
141	A	141	141
142	N	142	142
143	K	143	143
144	K	144	144
