UNIPROT_SEQ_NUM	UNIPROT	PDBResNumAuthor	PDBResNumCIF
2	A	2	2
3	K	3	3
4	I	4	4
5	K	5	5
6	A	6	6
7	R	7	7
8	D	8	8
9	L	9	9
10	R	10	10
11	G	11	11
12	K	12	12
13	K	13	13
14	K	14	14
15	E	15	15
16	E	16	16
17	L	17	17
18	L	18	18
19	K	19	19
20	Q	20	20
21	L	21	21
22	D	22	22
23	D	23	23
24	L	24	24
25	K	25	25
26	V	26	26
27	E	27	27
28	L	28	28
29	S	29	29
30	Q	30	30
31	L	31	31
32	R	32	32
33	V	33	33
34	A	34	34
35	K	35	35
36	V	36	36
37	T	37	37
38	G	38	38
39	G	39	39
40	A	40	40
41	A	41	41
42	S	42	42
43	K	43	43
44	L	44	44
45	S	45	45
46	K	46	46
47	I	47	47
48	R	48	48
49	V	49	49
50	V	50	50
51	R	51	51
52	K	52	52
53	S	53	53
54	I	54	54
55	A	55	55
56	R	56	56
57	V	57	57
58	L	58	58
59	T	59	59
60	V	60	60
61	I	61	61
62	N	62	62
63	Q	63	63
64	T	64	64
65	Q	65	65
66	K	66	66
67	E	67	67
68	N	68	68
69	L	69	69
70	R	70	70
71	K	71	71
72	F	72	72
73	Y	73	73
74	K	74	74
75	G	75	75
76	K	76	76
77	K	77	77
78	Y	78	78
79	K	79	79
80	P	80	80
81	L	81	81
82	D	82	82
83	L	83	83
84	R	84	84
85	P	85	85
86	K	86	86
87	K	87	87
88	T	88	88
89	R	89	89
90	A	90	90
91	M	91	91
92	R	92	92
93	R	93	93
94	R	94	94
95	L	95	95
96	T	96	96
97	K	97	97
98	H	98	98
99	E	99	99
100	E	100	100
101	K	101	101
102	L	102	102
103	K	103	103
104	T	104	104
105	K	105	105
106	K	106	106
107	Q	107	107
108	Q	108	108
109	R	109	109
110	K	110	110
111	E	111	111
112	R	112	112
113	L	113	113
114	Y	114	114
115	P	115	115
116	L	116	116
117	R	117	117
118	K	118	118
119	Y	119	119
120	A	120	120
121	V	121	121
122	K	122	122
123	A	123	123
