UNIPROT_SEQ_NUM	UNIPROT	PDBResNumAuthor	PDBResNumCIF
1	M	1	1
2	K	2	2
3	T	3	3
4	I	4	4
5	L	5	5
6	S	6	6
7	N	7	7
8	Q	8	8
9	T	9	9
10	V	10	10
11	D	11	11
12	I	12	12
13	P	13	13
14	E	14	14
15	N	15	15
16	V	16	16
17	D	17	17
18	I	18	18
19	T	19	19
20	L	20	20
21	K	21	21
22	G	22	22
23	R	23	23
24	T	24	24
25	V	25	25
26	I	26	26
27	V	27	27
28	K	28	28
29	G	29	29
30	P	30	30
31	R	31	31
32	G	32	32
33	T	33	33
34	L	34	34
35	R	35	35
36	R	36	36
37	D	37	37
38	F	38	38
39	N	39	39
40	H	40	40
41	I	41	41
42	N	42	42
43	V	43	43
44	E	44	44
45	L	45	45
46	S	46	46
47	L	47	47
48	L	48	48
49	G	49	49
50	K	50	50
51	K	51	51
52	K	52	52
53	K	53	53
54	R	54	54
55	L	55	55
56	R	56	56
57	V	57	57
58	D	58	58
59	K	59	59
60	W	60	60
61	W	61	61
62	G	62	62
63	N	63	63
64	R	64	64
65	K	65	65
66	E	66	66
67	L	67	67
68	A	68	68
69	T	69	69
70	V	70	70
71	R	71	71
72	T	72	72
73	I	73	73
74	C	74	74
75	S	75	75
76	H	76	76
77	V	77	77
78	Q	78	78
79	N	79	79
80	M	80	80
81	I	81	81
82	K	82	82
83	G	83	83
84	V	84	84
85	T	85	85
86	L	86	86
87	G	87	87
88	F	88	88
89	R	89	89
90	Y	90	90
91	K	91	91
92	M	92	92
93	R	93	93
94	S	94	94
95	V	95	95
96	Y	96	96
97	A	97	97
98	H	98	98
99	F	99	99
100	P	100	100
101	I	101	101
102	N	102	102
103	V	103	103
104	V	104	104
105	I	105	105
106	Q	106	106
107	E	107	107
108	N	108	108
109	G	109	109
110	S	110	110
111	L	111	111
112	V	112	112
113	E	113	113
114	I	114	114
115	R	115	115
116	N	116	116
117	F	117	117
118	L	118	118
119	G	119	119
120	E	120	120
121	K	121	121
122	Y	122	122
123	I	123	123
124	R	124	124
125	R	125	125
126	V	126	126
127	R	127	127
128	M	128	128
129	R	129	129
130	T	130	130
131	G	131	131
132	V	132	132
133	A	133	133
134	C	134	134
135	S	135	135
136	V	136	136
137	S	137	137
138	Q	138	138
139	A	139	139
140	Q	140	140
141	K	141	141
142	D	142	142
143	E	143	143
144	L	144	144
145	I	145	145
146	L	146	146
147	E	147	147
148	G	148	148
149	N	149	149
150	D	150	150
151	I	151	151
152	E	152	152
153	L	153	153
154	V	154	154
155	S	155	155
156	N	156	156
157	S	157	157
158	A	158	158
159	A	159	159
160	L	160	160
161	I	161	161
162	Q	162	162
163	Q	163	163
164	A	164	164
165	T	165	165
166	T	166	166
167	V	167	167
168	K	168	168
169	N	169	169
170	K	170	170
171	D	171	171
172	I	172	172
173	R	173	173
174	K	174	174
175	F	175	175
176	L	176	176
177	D	177	177
178	G	178	178
179	I	179	179
180	Y	180	180
181	V	181	181
182	S	182	182
183	E	183	183
184	K	184	184
185	G	185	185
186	T	186	186
187	V	187	187
188	Q	188	188
189	Q	189	189
190	P	190	190
191	D	191	191
