UNIPROT_SEQ_NUM	UNIPROT	PDBResNumAuthor	PDBResNumCIF
4	R	3	4
5	G	4	5
6	Y	5	6
7	S	6	7
8	F	7	8
9	S	8	9
10	L	9	10
11	T	10	11
12	T	11	12
13	F	12	13
14	S	13	14
15	P	14	15
16	S	15	16
17	G	16	17
18	K	17	18
19	L	18	19
20	V	19	20
21	Q	20	21
22	I	21	22
23	E	22	23
24	Y	23	24
25	A	24	25
26	L	25	26
27	A	26	27
28	A	27	28
29	V	28	29
30	A	29	30
31	G	30	31
32	G	31	32
33	A	32	33
34	P	33	34
35	S	34	35
36	V	35	36
37	G	36	37
38	I	37	38
39	K	38	39
40	A	39	40
41	A	40	41
42	N	41	42
43	G	42	43
44	V	43	44
45	V	44	45
46	L	45	46
47	A	46	47
48	T	47	48
49	E	48	49
50	K	49	50
51	K	50	51
52	Q	51	52
53	K	52	53
54	S	53	54
55	I	54	55
56	L	55	56
57	Y	56	57
58	D	57	58
59	E	58	59
60	R	59	60
61	S	60	61
62	V	61	62
63	H	62	63
64	K	63	64
65	V	64	65
66	E	65	66
67	P	66	67
68	I	67	68
69	T	68	69
70	K	69	70
71	H	70	71
72	I	71	72
73	G	72	73
74	L	73	74
75	V	74	75
76	Y	75	76
77	S	76	77
78	G	77	78
79	M	78	79
80	G	79	80
81	P	80	81
82	D	81	82
83	Y	82	83
84	R	83	84
85	V	84	85
86	L	85	86
87	V	86	87
88	H	87	88
89	R	88	89
90	A	89	90
91	R	90	91
92	K	91	92
93	L	92	93
94	A	93	94
95	Q	94	95
96	Q	95	96
97	Y	96	97
98	Y	97	98
99	L	98	99
100	V	99	100
101	Y	100	101
102	Q	101	102
103	E	102	103
104	P	103	104
105	I	104	105
106	P	105	106
107	T	106	107
108	A	107	108
109	Q	108	109
110	L	109	110
111	V	110	111
112	Q	111	112
113	R	112	113
114	V	113	114
115	A	114	115
116	S	115	116
117	V	116	117
118	M	117	118
119	Q	118	119
120	E	119	120
121	Y	120	121
122	T	121	122
123	Q	122	123
124	S	123	124
125	G	124	125
126	G	125	126
127	V	126	127
128	R	127	128
129	P	128	129
130	F	129	130
131	G	130	131
132	V	131	132
133	S	132	133
134	L	133	134
135	L	134	135
136	I	135	136
137	C	136	137
138	G	137	138
139	W	138	139
140	N	139	140
141	E	140	141
142	G	141	142
143	R	142	143
144	P	143	144
145	Y	144	145
146	L	145	146
147	F	146	147
148	Q	147	148
149	S	148	149
150	D	149	150
151	P	150	151
152	S	151	152
153	G	152	153
154	A	153	154
155	Y	154	155
156	F	155	156
157	A	156	157
158	W	157	158
159	K	158	159
160	A	159	160
161	T	160	161
162	A	161	162
163	M	162	163
164	G	163	164
165	K	164	165
166	N	165	166
167	Y	166	167
168	V	167	168
169	N	168	169
170	G	169	170
171	K	170	171
172	T	171	172
173	F	172	173
174	L	173	174
175	E	174	175
176	K	175	176
177	R	176	177
178	Y	177	178
179	N	178	179
180	E	179	180
181	D	180	181
182	L	181	182
183	E	182	183
184	L	183	184
185	E	184	185
186	D	185	186
187	A	186	187
188	I	187	188
189	H	188	189
190	T	189	190
191	A	190	191
192	I	191	192
193	L	192	193
194	T	193	194
195	L	194	195
196	K	195	196
197	E	196	197
198	S	197	198
199	F	198	199
200	E	199	200
201	G	200	201
202	Q	201	202
203	M	202	203
204	T	203	204
205	E	204	205
206	D	205	206
207	N	206	207
208	I	207	208
209	E	208	209
210	V	209	210
211	G	210	211
212	I	211	212
213	C	212	213
214	N	213	214
215	E	214	215
216	A	215	216
217	G	216	217
218	F	217	218
219	R	218	219
220	R	219	220
221	L	220	221
222	T	221	222
223	P	222	223
224	T	223	224
225	E	224	225
226	V	225	226
227	R	226	227
228	D	227	228
229	Y	228	229
230	L	229	230
231	A	230	231
232	A	231	232
