UNIPROT_SEQ_NUM	UNIPROT	PDBResNumAuthor	PDBResNumCIF
364	W	364	3
365	D	365	4
366	R	366	5
367	T	367	6
368	L	368	7
369	I	369	8
370	E	370	9
371	N	371	10
372	G	372	11
373	E	373	12
374	K	374	13
375	I	375	14
376	T	376	15
377	S	377	16
378	L	378	17
379	H	379	18
380	R	380	19
381	E	381	20
382	V	382	21
383	E	383	22
384	K	384	23
385	V	385	24
386	K	386	25
387	L	387	26
388	D	388	27
389	Q	389	28
390	K	390	29
391	R	391	30
392	L	392	31
393	D	393	32
394	Q	394	33
395	E	395	34
396	L	396	35
397	D	397	36
398	F	398	37
399	I	399	38
400	L	400	39
401	S	401	40
402	Q	402	41
403	Q	403	42
404	K	404	43
405	E	405	44
406	L	406	45
407	E	407	46
408	D	408	47
409	L	409	48
410	L	410	49
411	S	411	50
412	P	412	51
413	L	413	52
414	E	414	53
415	E	415	54
416	S	416	55
417	V	417	56
418	K	418	57
419	E	419	58
