UNIPROT_SEQ_NUM	UNIPROT	PDBResNumAuthor	PDBResNumCIF
29	F	2	29
30	S	3	30
31	P	4	31
32	Y	5	32
33	A	6	33
34	F	7	34
35	N	8	35
36	G	9	36
37	G	10	37
38	T	11	38
39	V	12	39
40	L	13	40
41	A	14	41
42	I	15	42
43	A	16	43
44	G	17	44
45	E	18	45
46	D	19	46
47	F	20	47
48	S	21	48
49	I	22	49
50	V	23	50
51	A	24	51
52	S	25	52
53	D	26	53
54	T	27	54
55	R	28	55
56	L	29	56
57	S	30	57
58	E	31	58
59	G	32	59
60	F	33	60
61	S	34	61
62	I	35	62
63	H	36	63
64	T	37	64
65	R	38	65
66	D	39	66
67	S	40	67
68	P	41	68
69	K	42	69
70	C	43	70
71	Y	44	71
72	K	45	72
73	L	46	73
74	T	47	74
75	D	48	75
76	K	49	76
77	T	50	77
78	V	51	78
79	I	52	79
80	G	53	80
81	C	54	81
82	S	55	82
83	G	56	83
84	F	57	84
85	H	58	85
86	G	59	86
87	D	60	87
88	C	61	88
89	L	62	89
90	T	63	90
91	L	64	91
92	T	65	92
93	K	66	93
94	I	67	94
95	I	68	95
96	E	69	96
97	A	70	97
98	R	71	98
99	L	72	99
100	K	73	100
101	M	74	101
102	Y	75	102
103	K	76	103
104	H	77	104
105	S	78	105
106	N	79	106
107	N	80	107
108	K	81	108
109	A	82	109
110	M	83	110
111	T	84	111
112	T	85	112
113	G	86	113
114	A	87	114
115	I	88	115
116	A	89	116
117	A	90	117
118	M	91	118
119	L	92	119
120	S	93	120
121	T	94	121
122	I	95	122
123	L	96	123
124	Y	97	124
125	S	98	125
126	R	99	126
127	R	100	127
128	F	101	128
129	F	102	129
130	P	103	130
131	Y	104	131
132	Y	105	132
133	V	106	133
134	Y	107	134
135	N	108	135
136	I	109	136
137	I	110	137
138	E	111	138
139	G	112	139
140	L	113	140
141	D	114	141
142	E	115	142
143	E	116	143
144	G	117	144
145	K	118	145
146	G	119	146
147	A	120	147
148	V	121	148
149	Y	122	149
150	S	123	150
151	F	124	151
152	D	125	152
153	P	126	153
154	V	127	154
155	G	128	155
156	S	129	156
157	Y	130	157
158	Q	131	158
159	R	132	159
160	D	133	160
161	S	134	161
162	F	135	162
163	K	136	163
164	A	137	164
165	G	138	165
166	G	139	166
167	S	140	167
168	A	141	168
169	S	142	169
170	A	143	170
171	M	144	171
172	L	145	172
173	Q	146	173
174	P	147	174
175	L	148	175
176	L	149	176
177	D	150	177
178	N	151	178
179	Q	152	179
180	V	153	180
181	G	154	181
182	F	155	182
183	K	156	183
184	N	157	184
185	M	158	185
186	Q	159	186
187	N	160	187
188	V	161	188
189	E	162	189
190	H	163	190
191	V	164	191
192	P	165	192
193	L	166	193
194	T	167	194
195	L	168	195
196	D	169	196
197	R	170	197
198	A	171	198
199	M	172	199
200	R	173	200
201	L	174	201
202	V	175	202
203	K	176	203
204	D	177	204
205	V	178	205
206	F	179	206
207	I	180	207
208	S	181	208
209	A	182	209
210	A	183	210
211	E	184	211
212	R	185	212
213	D	186	213
214	V	187	214
215	Y	188	215
216	T	189	216
217	G	190	217
218	D	191	218
219	A	192	219
220	L	193	220
221	R	194	221
222	I	195	222
223	C	196	223
224	I	197	224
225	V	198	225
226	T	199	226
227	K	200	227
228	E	201	228
229	G	202	229
230	I	203	230
231	R	204	231
232	E	205	232
233	E	206	233
234	T	207	234
235	V	208	235
236	P	209	236
237	L	210	237
238	R	211	238
239	K	212	239
240	D	213	240
