UNIPROT_SEQ_NUM	UNIPROT	PDBResNumAuthor	PDBResNumCIF
7	G	6	7
8	Y	7	8
9	D	8	9
10	L	9	10
11	S	10	11
12	A	11	12
13	S	12	13
14	T	13	14
15	F	14	15
16	S	15	16
17	P	16	17
18	D	17	18
19	G	18	19
20	R	19	20
21	V	20	21
22	F	21	22
23	Q	22	23
24	V	23	24
25	E	24	25
26	Y	25	26
27	A	26	27
28	M	27	28
29	K	28	29
30	A	29	30
31	V	30	31
32	E	31	32
33	N	32	33
34	S	33	34
35	S	34	35
36	T	35	36
37	A	36	37
38	I	37	38
39	G	38	39
40	I	39	40
41	R	40	41
42	C	41	42
43	K	42	43
44	D	43	44
45	G	44	45
46	V	45	46
47	V	46	47
48	F	47	48
49	G	48	49
50	V	49	50
51	E	50	51
52	K	51	52
53	L	52	53
54	V	53	54
55	L	54	55
56	S	55	56
57	K	56	57
58	L	57	58
59	Y	58	59
60	E	59	60
61	E	60	61
62	G	61	62
63	S	62	63
64	N	63	64
65	K	64	65
66	R	65	66
67	L	66	67
68	F	67	68
69	N	68	69
70	V	69	70
71	D	70	71
72	R	71	72
73	H	72	73
74	V	73	74
75	G	74	75
76	M	75	76
77	A	76	77
78	V	77	78
79	A	78	79
80	G	79	80
81	L	80	81
82	L	81	82
83	A	82	83
84	D	83	84
85	A	84	85
86	R	85	86
87	S	86	87
88	L	87	88
89	A	88	89
90	D	89	90
91	I	90	91
92	A	91	92
93	R	92	93
94	E	93	94
95	E	94	95
96	A	95	96
97	S	96	97
98	N	97	98
99	F	98	99
100	R	99	100
101	S	100	101
102	N	101	102
103	F	102	103
104	G	103	104
105	Y	104	105
106	N	105	106
107	I	106	107
108	P	107	108
109	L	108	109
110	K	109	110
111	H	110	111
112	L	111	112
113	A	112	113
114	D	113	114
115	R	114	115
116	V	115	116
117	A	116	117
118	M	117	118
119	Y	118	119
120	V	119	120
121	H	120	121
122	A	121	122
123	Y	122	123
124	T	123	124
125	L	124	125
126	Y	125	126
127	S	126	127
128	A	127	128
129	V	128	129
130	R	129	130
131	P	130	131
132	F	131	132
133	G	132	133
134	C	133	134
135	S	134	135
136	F	135	136
137	M	136	137
138	L	137	138
139	G	138	139
140	S	139	140
141	Y	140	141
142	S	141	142
143	V	142	143
144	N	143	144
145	D	144	145
146	G	145	146
147	A	146	147
148	Q	147	148
149	L	148	149
150	Y	149	150
151	M	150	151
152	I	151	152
153	D	152	153
154	P	153	154
155	S	154	155
156	G	155	156
157	V	156	157
158	S	157	158
159	Y	158	159
160	G	159	160
161	Y	160	161
162	W	161	162
163	G	162	163
164	C	163	164
165	A	164	165
166	I	165	166
167	G	166	167
168	K	167	168
169	A	168	169
170	R	169	170
171	Q	170	171
172	A	171	172
173	A	172	173
174	K	173	174
175	T	174	175
176	E	175	176
177	I	176	177
178	E	177	178
179	K	178	179
180	L	179	180
181	Q	180	181
182	M	181	182
183	K	182	183
184	E	183	184
185	M	184	185
186	T	185	186
187	C	186	187
188	R	187	188
189	D	188	189
190	V	189	190
191	V	190	191
192	K	191	192
193	E	192	193
194	V	193	194
195	A	194	195
196	K	195	196
197	I	196	197
198	I	197	198
199	Y	198	199
200	I	199	200
201	V	200	201
202	H	201	202
203	D	202	203
204	E	203	204
205	V	204	205
206	K	205	206
207	D	206	207
208	K	207	208
209	A	208	209
210	F	209	210
211	E	210	211
212	L	211	212
213	E	212	213
214	L	213	214
215	S	214	215
216	W	215	216
217	V	216	217
218	G	217	218
219	E	218	219
220	L	219	220
221	T	220	221
222	K	221	222
223	G	222	223
224	R	223	224
225	H	224	225
226	E	225	226
227	I	226	227
228	V	227	228
229	P	228	229
230	K	229	230
231	D	230	231
232	V	231	232
233	R	232	233
234	E	233	234
235	E	234	235
236	A	235	236
237	E	236	237
238	K	237	238
239	Y	238	239
240	A	239	240
241	K	240	241
242	E	241	242
243	S	242	243
244	L	243	244
245	K	244	245
