UNIPROT_SEQ_NUM	UNIPROT	PDBResNumAuthor	PDBResNumCIF
4	N	4	4
5	Q	5	5
6	Y	6	6
7	D	7	7
8	N	8	8
9	D	9	9
10	V	10	10
11	T	11	11
12	V	12	12
13	W	13	13
14	S	14	14
15	P	15	15
16	Q	16	16
17	G	17	17
18	R	18	18
19	I	19	19
20	H	20	20
21	Q	21	21
22	I	22	22
23	E	23	23
24	Y	24	24
25	A	25	25
26	M	26	26
27	E	27	27
28	A	28	28
29	V	29	29
30	K	30	30
31	Q	31	31
32	G	32	32
33	S	33	33
34	A	34	34
35	T	35	35
36	V	36	36
37	G	37	37
38	L	38	38
39	K	39	39
40	S	40	40
41	K	41	41
42	T	42	42
43	H	43	43
44	A	44	44
45	V	45	45
46	L	46	46
47	V	47	47
48	A	48	48
49	L	49	49
50	K	50	50
51	R	51	51
52	A	52	52
53	Q	53	53
54	S	54	54
55	E	55	55
56	L	56	56
57	A	57	57
58	A	58	58
59	H	59	59
60	Q	60	60
61	K	61	61
62	K	62	62
63	I	63	63
64	L	64	64
65	H	65	65
66	V	66	66
67	D	67	67
68	N	68	68
69	H	69	69
70	I	70	70
71	G	71	71
72	I	72	72
73	S	73	73
74	I	74	74
75	A	75	75
76	G	76	76
77	L	77	77
78	T	78	78
79	A	79	79
80	D	80	80
81	A	81	81
82	R	82	82
83	L	83	83
84	L	84	84
85	C	85	85
86	N	86	86
87	F	87	87
88	M	88	88
89	R	89	89
90	Q	90	90
91	E	91	91
92	C	92	92
93	L	93	93
94	D	94	94
95	S	95	95
96	R	96	96
97	F	97	97
98	V	98	98
99	F	99	99
100	D	100	100
101	R	101	101
102	P	102	102
103	L	103	103
104	P	104	104
105	V	105	105
106	S	106	106
107	R	107	107
108	L	108	108
109	V	109	109
110	S	110	110
111	L	111	111
112	I	112	112
113	G	113	113
114	S	114	114
115	K	115	115
116	T	116	116
117	Q	117	117
118	I	118	118
119	P	119	119
120	T	120	120
121	Q	121	121
122	R	122	122
123	Y	123	123
124	G	124	124
125	R	125	125
126	R	126	126
127	P	127	127
128	Y	128	128
129	G	129	129
130	V	130	130
131	G	131	131
132	L	132	132
133	L	133	133
134	I	134	134
135	A	135	135
136	G	136	136
137	Y	137	137
138	D	138	138
139	D	139	139
140	M	140	140
141	G	141	141
142	P	142	142
143	H	143	143
144	V	144	144
145	F	145	145
146	Q	146	146
147	T	147	147
148	C	148	148
149	P	149	149
150	S	150	150
151	A	151	151
152	N	152	152
153	Y	153	153
154	F	154	154
155	D	155	155
156	C	156	156
157	R	157	157
158	A	158	158
159	M	159	159
160	S	160	160
161	I	161	161
162	G	162	162
163	A	163	163
164	R	164	164
165	S	165	165
166	Q	166	166
167	S	167	167
168	A	168	168
169	R	169	169
170	T	170	170
171	Y	171	171
172	L	172	172
173	E	173	173
174	R	174	174
175	H	175	175
176	M	176	176
177	S	177	177
178	E	178	178
179	F	179	179
180	M	180	180
181	Q	181	181
182	C	182	182
183	N	183	183
184	L	184	184
185	D	185	185
186	E	186	186
187	L	187	187
188	V	188	188
189	K	189	189
190	H	190	190
191	G	191	191
192	L	192	192
193	R	193	193
194	A	194	194
195	L	195	195
196	R	196	196
197	E	197	197
198	T	198	198
199	L	199	199
200	P	200	200
201	A	201	201
202	E	202	202
203	Q	203	203
204	D	204	204
205	L	205	205
206	T	206	206
207	T	207	207
208	K	208	208
209	N	209	209
210	V	210	210
211	S	211	211
212	I	212	212
213	G	213	213
214	I	214	214
215	V	215	215
216	G	216	216
217	K	217	217
218	D	218	218
219	L	219	219
220	E	220	220
221	F	221	221
222	T	222	222
223	I	223	223
224	Y	224	224
225	D	225	225
226	D	226	226
227	D	227	227
228	D	228	228
229	V	229	229
230	S	230	230
231	P	231	231
232	F	232	232
233	L	233	233
234	D	234	234
235	G	235	235
236	L	236	236
237	E	237	237
