UNIPROT_SEQ_NUM	UNIPROT	PDBResNumAuthor	PDBResNumCIF
9	G	9	11
10	M	10	12
11	R	11	13
12	G	12	14
13	L	13	15
14	A	14	16
15	V	15	17
16	F	16	18
17	I	17	19
18	S	18	20
19	D	19	21
20	I	20	22
21	R	21	23
22	N	22	24
23	C	23	25
24	K	24	26
25	S	25	27
26	K	26	28
27	E	27	29
28	A	28	30
29	E	29	31
30	I	30	32
31	K	31	33
32	R	32	34
33	I	33	35
34	N	34	36
35	K	35	37
36	E	36	38
37	L	37	39
38	A	38	40
39	N	39	41
40	I	40	42
41	R	41	43
42	S	42	44
43	K	43	45
44	F	44	46
45	K	45	47
46	G	46	48
50	L	50	52
51	D	51	53
52	G	52	54
53	Y	53	55
54	S	54	56
55	K	55	57
56	K	56	58
57	K	57	59
58	Y	58	60
59	V	59	61
60	C	60	62
61	K	61	63
62	L	62	64
63	L	63	65
64	F	64	66
65	I	65	67
66	F	66	68
67	L	67	69
68	L	68	70
69	G	69	71
70	H	70	72
71	D	71	73
72	I	72	74
73	D	73	75
74	F	74	76
75	G	75	77
76	H	76	78
77	M	77	79
78	E	78	80
79	A	79	81
80	V	80	82
81	N	81	83
82	L	82	84
83	L	83	85
84	S	84	86
85	S	85	87
86	N	86	88
87	R	87	89
88	Y	88	90
89	T	89	91
90	E	90	92
91	K	91	93
92	Q	92	94
93	I	93	95
94	G	94	96
95	Y	95	97
96	L	96	98
97	F	97	99
98	I	98	100
99	S	99	101
100	V	100	102
101	L	101	103
102	V	102	104
103	N	103	105
104	S	104	106
105	N	105	107
106	S	106	108
107	E	107	109
108	L	108	110
109	I	109	111
110	R	110	112
111	L	111	113
112	I	112	114
113	N	113	115
114	N	114	116
115	A	115	117
116	I	116	118
117	K	117	119
118	N	118	120
119	D	119	121
120	L	120	122
121	A	121	123
122	S	122	124
123	R	123	125
124	N	124	126
125	P	125	127
126	T	126	128
127	F	127	129
128	M	128	130
129	G	129	131
130	L	130	132
131	A	131	133
132	L	132	134
133	H	133	135
134	C	134	136
135	I	135	137
136	A	136	138
137	N	137	139
138	V	138	140
139	G	139	141
140	S	140	142
141	R	141	143
142	E	142	144
143	M	143	145
144	A	144	146
145	E	145	147
146	A	146	148
147	F	147	149
148	A	148	150
149	G	149	151
150	E	150	152
151	I	151	153
152	P	152	154
153	K	153	155
154	I	154	156
155	L	155	157
156	V	156	158
157	A	157	159
158	G	158	160
159	D	159	161
160	T	160	162
161	M	161	163
162	D	162	164
163	S	163	165
164	V	164	166
165	K	165	167
166	Q	166	168
167	S	167	169
168	A	168	170
169	A	169	171
170	L	170	172
171	C	171	173
172	L	172	174
173	L	173	175
174	R	174	176
175	L	175	177
176	Y	176	178
177	R	177	179
178	T	178	180
179	S	179	181
180	P	180	182
181	D	181	183
182	L	182	184
183	V	183	185
184	P	184	186
185	M	185	187
186	G	186	188
187	D	187	189
188	W	188	190
189	T	189	191
190	S	190	192
191	R	191	193
192	V	192	194
193	V	193	195
194	H	194	196
195	L	195	197
196	L	196	198
197	N	197	199
198	D	198	200
199	Q	199	201
200	H	200	202
201	L	201	203
202	G	202	204
203	V	203	205
204	V	204	206
205	T	205	207
206	A	206	208
207	A	207	209
208	T	208	210
209	S	209	211
210	L	210	212
211	I	211	213
212	T	212	214
213	T	213	215
214	L	214	216
215	A	215	217
216	Q	216	218
217	K	217	219
218	N	218	220
219	P	219	221
220	E	220	222
221	E	221	223
222	F	222	224
223	K	223	225
224	T	224	226
225	S	225	227
226	V	226	228
227	S	227	229
228	L	228	230
229	A	229	231
230	V	230	232
231	S	231	233
232	R	232	234
233	L	233	235
234	S	234	236
235	R	235	237
236	I	236	238
237	V	237	239
238	T	238	240
239	S	239	241
240	A	240	242
241	S	241	243
242	T	242	244
243	D	243	245
244	L	244	246
245	Q	245	247
246	D	246	248
247	Y	247	249
248	T	248	250
249	Y	249	251
250	Y	250	252
251	F	251	253
252	V	252	254
253	P	253	255
254	A	254	256
255	P	255	257
256	W	256	258
257	L	257	259
258	S	258	260
259	V	259	261
260	K	260	262
261	L	261	263
262	L	262	264
263	R	263	265
264	L	264	266
265	L	265	267
266	Q	266	268
267	C	267	269
268	Y	268	270
269	P	269	271
270	P	270	272
271	P	271	273
272	D	273	275
273	P	274	276
274	A	275	277
275	V	276	278
276	R	277	279
277	G	278	280
278	R	279	281
279	L	280	282
280	T	281	283
281	E	282	284
282	C	283	285
283	L	284	286
284	E	285	287
285	T	286	288
286	I	287	289
287	L	288	290
288	N	289	291
289	K	290	292
290	A	291	293
291	Q	292	294
292	E	293	295
293	P	294	296
294	P	295	297
295	K	296	298
296	S	297	299
297	K	298	300
298	K	299	301
299	V	300	302
300	Q	301	303
301	H	302	304
302	S	303	305
303	N	304	306
304	A	305	307
305	K	306	308
306	N	307	309
307	A	308	310
308	V	309	311
309	L	310	312
310	F	311	313
311	E	312	314
312	A	313	315
313	I	314	316
314	S	315	317
315	L	316	318
316	I	317	319
317	I	318	320
318	H	319	321
319	H	320	322
320	D	321	323
321	S	322	324
322	E	323	325
323	P	324	326
324	N	325	327
325	L	326	328
326	L	327	329
327	V	328	330
328	R	329	331
329	A	330	332
330	C	331	333
331	N	332	334
332	Q	333	335
333	L	334	336
334	G	335	337
335	Q	336	338
336	F	337	339
337	L	338	340
338	Q	339	341
339	H	340	342
340	R	341	343
341	E	342	344
342	T	343	345
343	N	344	346
344	L	345	347
345	R	346	348
346	Y	347	349
347	L	348	350
348	A	349	351
349	L	350	352
350	E	351	353
351	S	352	354
352	M	353	355
353	C	354	356
354	T	355	357
355	L	356	358
356	A	357	359
357	S	358	360
358	S	359	361
359	E	360	362
360	F	361	363
361	S	362	364
362	H	363	365
363	E	364	366
364	A	365	367
365	V	366	368
366	K	367	369
367	T	368	370
368	H	369	371
369	I	370	372
370	E	371	373
371	T	372	374
372	V	373	375
373	I	374	376
374	N	375	377
375	A	376	378
376	L	377	379
377	K	378	380
378	T	379	381
379	E	380	382
380	R	381	383
381	D	382	384
382	V	383	385
383	S	384	386
384	V	385	387
385	R	386	388
386	Q	387	389
387	R	388	390
388	A	389	391
389	V	390	392
390	D	391	393
391	L	392	394
392	L	393	395
393	Y	394	396
394	A	395	397
395	M	396	398
