UNIPROT_SEQ_NUM	UNIPROT	PDBResNumAuthor	PDBResNumCIF
9	G	9	9
10	M	10	10
11	R	11	11
12	G	12	12
13	L	13	13
14	A	14	14
15	V	15	15
16	F	16	16
17	I	17	17
18	S	18	18
19	D	19	19
20	I	20	20
21	R	21	21
22	N	22	22
23	C	23	23
24	K	24	24
25	S	25	25
26	K	26	26
27	E	27	27
28	A	28	28
29	E	29	29
30	I	30	30
31	K	31	31
32	R	32	32
33	I	33	33
34	N	34	34
35	K	35	35
36	E	36	36
37	L	37	37
38	A	38	38
39	N	39	39
40	I	40	40
41	R	41	41
42	S	42	42
43	K	43	43
44	F	44	44
45	K	45	45
46	G	46	46
47	D	47	47
48	K	48	48
49	A	49	49
50	L	50	50
51	D	51	51
52	G	52	52
53	Y	53	53
54	S	54	54
55	K	55	55
56	K	56	56
57	K	57	57
58	Y	58	58
59	V	59	59
60	C	60	60
61	K	61	61
62	L	62	62
63	L	63	63
64	F	64	64
65	I	65	65
66	F	66	66
67	L	67	67
68	L	68	68
69	G	69	69
70	H	70	70
71	D	71	71
72	I	72	72
73	D	73	73
74	F	74	74
75	G	75	75
76	H	76	76
77	M	77	77
78	E	78	78
79	A	79	79
80	V	80	80
81	N	81	81
82	L	82	82
83	L	83	83
84	S	84	84
85	S	85	85
86	N	86	86
87	R	87	87
88	Y	88	88
89	T	89	89
90	E	90	90
91	K	91	91
92	Q	92	92
93	I	93	93
94	G	94	94
95	Y	95	95
96	L	96	96
97	F	97	97
98	I	98	98
99	S	99	99
100	V	100	100
101	L	101	101
102	V	102	102
103	N	103	103
104	S	104	104
105	N	105	105
106	S	106	106
107	E	107	107
108	L	108	108
109	I	109	109
110	R	110	110
111	L	111	111
112	I	112	112
113	N	113	113
114	N	114	114
115	A	115	115
116	I	116	116
117	K	117	117
118	N	118	118
119	D	119	119
120	L	120	120
121	A	121	121
122	S	122	122
123	R	123	123
124	N	124	124
125	P	125	125
126	T	126	126
127	F	127	127
128	M	128	128
129	G	129	129
130	L	130	130
131	A	131	131
132	L	132	132
133	H	133	133
134	C	134	134
135	I	135	135
136	A	136	136
137	N	137	137
138	V	138	138
139	G	139	139
140	S	140	140
141	R	141	141
142	E	142	142
143	M	143	143
144	A	144	144
145	E	145	145
146	A	146	146
147	F	147	147
148	A	148	148
149	G	149	149
150	E	150	150
151	I	151	151
152	P	152	152
153	K	153	153
154	I	154	154
155	L	155	155
156	V	156	156
157	A	157	157
158	G	158	158
159	D	159	159
160	T	160	160
161	M	161	161
162	D	162	162
163	S	163	163
164	V	164	164
165	K	165	165
166	Q	166	166
167	S	167	167
168	A	168	168
169	A	169	169
170	L	170	170
171	C	171	171
172	L	172	172
173	L	173	173
174	R	174	174
175	L	175	175
176	Y	176	176
177	R	177	177
178	T	178	178
179	S	179	179
180	P	180	180
181	D	181	181
182	L	182	182
183	V	183	183
184	P	184	184
185	M	185	185
186	G	186	186
187	D	187	187
188	W	188	188
189	T	189	189
190	S	190	190
191	R	191	191
192	V	192	192
193	V	193	193
194	H	194	194
195	L	195	195
196	L	196	196
197	N	197	197
198	D	198	198
199	Q	199	199
200	H	200	200
201	L	201	201
202	G	202	202
203	V	203	203
204	V	204	204
205	T	205	205
206	A	206	206
207	A	207	207
208	T	208	208
209	S	209	209
210	L	210	210
211	I	211	211
212	T	212	212
213	T	213	213
214	L	214	214
215	A	215	215
216	Q	216	216
217	K	217	217
218	N	218	218
219	P	219	219
220	E	220	220
221	E	221	221
222	F	222	222
223	K	223	223
224	T	224	224
225	S	225	225
226	V	226	226
227	S	227	227
228	L	228	228
229	A	229	229
230	V	230	230
231	S	231	231
232	R	232	232
233	L	233	233
234	S	234	234
235	R	235	235
236	I	236	236
237	V	237	237
238	T	238	238
239	S	239	239
240	A	240	240
241	S	241	241
242	T	242	242
243	D	243	243
244	L	244	244
245	Q	245	245
246	D	246	246
247	Y	247	247
248	T	248	248
249	Y	249	249
250	Y	250	250
251	F	251	251
252	V	252	252
253	P	253	253
254	A	254	254
255	P	255	255
256	W	256	256
257	L	257	257
258	S	258	258
259	V	259	259
260	K	260	260
261	L	261	261
262	L	262	262
263	R	263	263
264	L	264	264
265	L	265	265
266	Q	266	266
267	C	267	267
268	Y	268	268
269	P	269	269
270	P	270	270
271	P	271	271
272	D	273	273
273	P	274	274
274	A	275	275
275	V	276	276
276	R	277	277
277	G	278	278
278	R	279	279
279	L	280	280
280	T	281	281
281	E	282	282
282	C	283	283
283	L	284	284
284	E	285	285
285	T	286	286
286	I	287	287
287	L	288	288
288	N	289	289
289	K	290	290
290	A	291	291
291	Q	292	292
292	E	293	293
293	P	294	294
294	P	295	295
295	K	296	296
296	S	297	297
297	K	298	298
298	K	299	299
299	V	300	300
300	Q	301	301
301	H	302	302
302	S	303	303
303	N	304	304
304	A	305	305
305	K	306	306
306	N	307	307
307	A	308	308
308	V	309	309
309	L	310	310
310	F	311	311
311	E	312	312
312	A	313	313
313	I	314	314
314	S	315	315
315	L	316	316
316	I	317	317
317	I	318	318
318	H	319	319
319	H	320	320
320	D	321	321
321	S	322	322
322	E	323	323
323	P	324	324
324	N	325	325
325	L	326	326
326	L	327	327
327	V	328	328
328	R	329	329
329	A	330	330
330	C	331	331
331	N	332	332
332	Q	333	333
333	L	334	334
334	G	335	335
335	Q	336	336
336	F	337	337
337	L	338	338
338	Q	339	339
339	H	340	340
340	R	341	341
341	E	342	342
342	T	343	343
343	N	344	344
344	L	345	345
345	R	346	346
346	Y	347	347
347	L	348	348
348	A	349	349
349	L	350	350
350	E	351	351
351	S	352	352
352	M	353	353
353	C	354	354
354	T	355	355
355	L	356	356
356	A	357	357
357	S	358	358
358	S	359	359
359	E	360	360
360	F	361	361
361	S	362	362
362	H	363	363
363	E	364	364
364	A	365	365
365	V	366	366
366	K	367	367
367	T	368	368
368	H	369	369
369	I	370	370
370	E	371	371
371	T	372	372
372	V	373	373
373	I	374	374
374	N	375	375
375	A	376	376
376	L	377	377
377	K	378	378
378	T	379	379
379	E	380	380
380	R	381	381
381	D	382	382
382	V	383	383
383	S	384	384
384	V	385	385
385	R	386	386
386	Q	387	387
387	R	388	388
388	A	389	389
389	V	390	390
390	D	391	391
391	L	392	392
392	L	393	393
393	Y	394	394
394	A	395	395
395	M	396	396
396	C	397	397
397	D	398	398
398	R	399	399
399	S	400	400
400	N	401	401
401	A	402	402
402	Q	403	403
403	Q	404	404
404	I	405	405
405	V	406	406
406	A	407	407
407	E	408	408
408	M	409	409
409	L	410	410
410	S	411	411
411	Y	412	412
412	L	413	413
413	E	414	414
414	T	415	415
415	A	416	416
416	D	417	417
417	Y	418	418
418	S	419	419
419	I	420	420
420	R	421	421
421	E	422	422
422	E	423	423
423	I	424	424
424	V	425	425
425	L	426	426
426	K	427	427
427	V	428	428
428	A	429	429
429	I	430	430
430	L	431	431
431	A	432	432
432	E	433	433
433	K	434	434
434	Y	435	435
435	A	436	436
436	V	437	437
437	D	438	438
438	Y	439	439
439	T	440	440
440	W	441	441
441	Y	442	442
442	V	443	443
443	D	444	444
444	T	445	445
445	I	446	446
446	L	447	447
447	N	448	448
448	L	449	449
449	I	450	450
450	R	451	451
451	I	452	452
452	A	453	453
453	G	454	454
454	D	455	455
455	Y	456	456
456	V	457	457
457	S	458	458
458	E	459	459
459	E	460	460
460	V	461	461
461	W	462	462
462	Y	463	463
463	R	464	464
464	V	465	465
465	I	466	466
466	Q	467	467
467	I	468	468
468	V	469	469
469	I	470	470
470	N	471	471
471	R	472	472
472	D	473	473
473	D	474	474
474	V	475	475
475	Q	476	476
476	G	477	477
477	Y	478	478
478	A	479	479
479	A	480	480
480	K	481	481
481	T	482	482
482	V	483	483
483	F	484	484
484	E	485	485
485	A	486	486
486	L	487	487
487	Q	488	488
488	A	489	489
489	P	490	490
490	A	491	491
491	C	492	492
492	H	493	493
493	E	494	494
494	N	495	495
495	L	496	496
496	V	497	497
497	K	498	498
498	V	499	499
499	G	500	500
500	G	501	501
501	Y	502	502
502	I	503	503
503	L	504	504
504	G	505	505
505	E	506	506
506	F	507	507
507	G	508	508
508	N	509	509
509	L	510	510
510	I	511	511
511	A	512	512
512	G	513	513
513	D	514	514
514	P	515	515
515	R	516	516
516	S	517	517
517	S	518	518
518	P	519	519
519	L	520	520
520	I	521	521
521	Q	522	522
522	F	523	523
523	N	524	524
524	L	525	525
525	L	526	526
526	H	527	527
527	S	528	528
528	K	529	529
529	F	530	530
530	H	531	531
531	L	532	532
532	C	533	533
533	S	534	534
534	V	535	535
535	P	536	536
536	T	537	537
537	R	538	538
538	A	539	539
539	L	540	540
540	L	541	541
541	L	542	542
542	S	543	543
543	T	544	544
544	Y	545	545
545	I	546	546
546	K	547	547
547	F	548	548
548	V	549	549
549	N	550	550
550	L	551	551
551	F	552	552
552	P	553	553
553	E	554	554
554	V	555	555
555	K	556	556
556	A	557	557
557	T	558	558
558	I	559	559
559	Q	560	560
560	D	561	561
561	V	562	562
562	L	563	563
563	R	564	564
564	S	565	565
565	D	566	566
566	S	567	567
567	Q	568	568
568	L	569	569
569	K	570	570
570	N	571	571
571	A	572	572
572	D	573	573
573	V	574	574
574	E	575	575
575	L	576	576
576	Q	577	577
577	Q	578	578
578	R	579	579
579	A	580	580
580	V	581	581
581	E	582	582
582	Y	583	583
583	L	584	584
584	R	585	585
585	L	586	586
586	S	587	587
587	T	588	588
588	V	589	589
589	A	590	590
590	S	591	591
591	T	592	592
592	D	593	593
593	I	594	594
594	L	595	595
595	A	596	596
596	T	597	597
597	V	598	598
598	L	599	599
599	E	600	600
600	E	601	601
601	M	602	602
602	P	603	603
603	P	604	604
604	F	605	605
605	P	606	606
606	E	607	607
607	R	608	608
