UNIPROT_SEQ_NUM	UNIPROT	PDBResNumAuthor	PDBResNumCIF
2	P	2	2
3	S	3	3
4	R	4	4
5	L	5	5
6	R	6	6
7	K	7	7
8	T	8	8
9	R	9	9
10	K	10	10
11	L	11	11
12	R	12	12
13	G	13	13
14	H	14	14
15	V	15	15
16	S	16	16
17	H	17	17
18	G	18	18
19	H	19	19
20	G	20	20
21	R	21	21
22	I	22	22
23	G	23	23
24	K	24	24
25	H	25	25
26	R	26	26
27	K	27	27
28	H	28	28
29	P	29	29
30	G	30	30
31	G	31	31
32	R	32	32
33	G	33	33
34	N	34	34
35	A	35	35
36	G	36	36
37	G	37	37
38	M	38	38
39	H	39	39
40	H	40	40
41	H	41	41
42	R	42	42
43	I	43	43
44	N	44	44
45	F	45	45
46	D	46	46
47	K	47	47
48	Y	48	48
49	H	49	49
50	P	50	50
51	G	51	51
52	Y	52	52
53	F	53	53
54	G	54	54
55	K	55	55
56	V	56	56
57	G	57	57
58	M	58	58
59	R	59	59
60	H	60	60
61	Y	61	61
62	H	62	62
63	L	63	63
64	K	64	64
65	R	65	65
66	N	66	66
67	Q	67	67
68	S	68	68
69	F	69	69
70	C	70	70
71	P	71	71
72	T	72	72
73	V	73	73
74	N	74	74
75	L	75	75
76	D	76	76
77	K	77	77
78	L	78	78
79	W	79	79
80	T	80	80
81	L	81	81
82	V	82	82
83	S	83	83
84	E	84	84
85	Q	85	85
86	T	86	86
87	R	87	87
88	V	88	88
89	N	89	89
90	A	90	90
91	A	91	91
92	K	92	92
93	N	93	93
94	K	94	94
95	N	95	95
96	G	96	96
97	V	97	97
98	A	98	98
99	P	99	99
100	I	100	100
101	I	101	101
102	D	102	102
103	V	103	103
104	V	104	104
105	R	105	105
106	S	106	106
107	G	107	107
108	Y	108	108
109	Y	109	109
110	K	110	110
111	V	111	111
112	L	112	112
113	G	113	113
114	K	114	114
115	G	115	115
116	K	116	116
117	L	117	117
118	P	118	118
119	K	119	119
120	Q	120	120
121	P	121	121
122	V	122	122
123	I	123	123
124	V	124	124
125	K	125	125
126	A	126	126
127	K	127	127
128	F	128	128
129	F	129	129
130	S	130	130
131	R	131	131
132	R	132	132
133	A	133	133
134	E	134	134
135	E	135	135
136	K	136	136
137	I	137	137
138	K	138	138
139	G	139	139
140	V	140	140
141	G	141	141
142	G	142	142
143	A	143	143
144	C	144	144
145	V	145	145
146	L	146	146
147	V	147	147
148	A	148	148
