UNIPROT_SEQ_NUM	UNIPROT	PDBResNumAuthor	PDBResNumCIF
29	S	1	1
30	D	2	2
31	L	3	3
32	T	4	4
33	V	5	5
34	A	6	6
35	V	7	7
36	V	8	8
37	L	9	9
38	P	10	10
39	L	11	11
40	T	12	12
41	N	13	13
42	T	14	14
43	S	15	15
44	Y	16	16
45	P	17	17
46	W	18	18
47	S	19	19
48	W	20	20
49	A	21	21
50	R	22	22
51	V	23	23
52	G	24	24
53	P	25	25
54	A	26	26
55	V	27	27
56	E	28	28
57	L	29	29
58	A	30	30
59	L	31	31
60	A	32	32
61	R	33	33
62	V	34	34
63	K	35	35
64	A	36	36
65	R	37	37
66	P	38	38
67	D	39	39
68	L	40	40
69	L	41	41
70	P	42	42
71	G	43	43
72	W	44	44
73	T	45	45
74	V	46	46
75	R	47	47
76	M	48	48
77	V	49	49
78	L	50	50
79	G	51	51
80	S	52	52
81	S	53	53
82	E	54	54
83	N	55	55
84	A	56	56
85	A	57	57
86	G	58	58
87	V	59	59
88	C	60	60
89	S	61	61
90	D	62	62
91	T	63	63
92	A	64	64
93	A	65	65
94	P	66	66
95	L	67	67
96	A	68	68
97	A	69	69
98	V	70	70
99	D	71	71
100	L	72	72
101	K	73	73
102	W	74	74
103	E	75	75
104	H	76	76
105	S	77	77
106	P	78	78
107	A	79	79
108	V	80	80
109	F	81	81
110	L	82	82
111	G	83	83
112	P	84	84
113	G	85	85
114	C	86	86
115	V	87	87
116	Y	88	88
117	S	89	89
118	A	90	90
119	A	91	91
120	P	92	92
121	V	93	93
122	G	94	94
123	R	95	95
124	F	96	96
125	T	97	97
126	A	98	98
127	H	99	99
128	W	100	100
129	R	101	101
130	V	102	102
131	P	103	103
132	L	104	104
133	L	105	105
134	T	106	106
135	A	107	107
136	G	108	108
137	A	109	109
138	P	110	110
139	A	111	111
140	L	112	112
141	G	113	113
142	I	114	114
143	G	115	115
144	V	116	116
145	K	117	117
146	D	118	118
147	E	119	119
148	Y	120	120
149	A	121	121
150	L	122	122
151	T	123	123
152	T	124	124
153	R	125	125
154	T	126	126
155	G	127	127
156	P	128	128
157	S	129	129
158	H	130	130
159	V	131	131
160	K	132	132
161	L	133	133
162	G	134	134
163	D	135	135
164	F	136	136
165	V	137	137
166	T	138	138
167	A	139	139
168	L	140	140
169	H	141	141
170	R	142	142
171	R	143	143
172	L	144	144
173	G	145	145
174	W	146	146
175	E	147	147
176	H	148	148
177	Q	149	149
178	A	150	150
179	L	151	151
180	V	152	152
181	L	153	153
182	Y	154	154
183	A	155	155
184	D	156	156
185	R	157	157
186	L	158	158
187	G	159	159
188	D	160	160
189	D	161	161
190	R	162	162
191	P	163	163
192	C	164	164
193	F	165	165
194	F	166	166
195	I	167	167
196	V	168	168
197	E	169	169
198	G	170	170
199	L	171	171
200	Y	172	172
201	M	173	173
202	R	174	174
203	V	175	175
204	R	176	176
205	E	177	177
206	R	178	178
207	L	179	179
208	N	180	180
209	I	181	181
210	T	182	182
211	V	183	183
212	N	184	184
213	H	185	185
214	Q	186	186
215	E	187	187
216	F	188	188
217	V	189	189
218	E	190	190
219	G	191	191
220	D	192	192
221	P	193	193
222	D	194	194
223	H	195	195
224	Y	196	196
225	P	197	197
226	K	198	198
227	L	199	199
228	L	200	200
229	R	201	201
230	A	202	202
231	V	203	203
232	R	204	204
233	R	205	205
234	K	206	206
235	G	207	207
236	R	208	208
237	V	209	209
238	I	210	210
239	Y	211	211
240	I	212	212
241	C	213	213
242	S	214	214
243	S	215	215
244	P	216	216
245	D	217	217
246	A	218	218
247	F	219	219
248	R	220	220
249	N	221	221
250	L	222	222
251	M	223	223
252	L	224	224
253	L	225	225
254	A	226	226
255	L	227	227
256	N	228	228
257	A	229	229
258	G	230	230
259	L	231	231
260	T	232	232
261	G	233	233
262	E	234	234
263	D	235	235
264	Y	236	236
265	V	237	237
266	F	238	238
267	F	239	239
268	H	240	240
269	L	241	241
270	D	242	242
271	V	243	243
272	F	244	244
273	G	245	245
274	Q	246	246
275	S	247	247
276	L	248	248
277	K	249	249
278	S	250	250
279	A	251	251
280	Q	252	252
281	G	253	253
282	L	254	254
283	V	255	255
284	P	256	256
285	Q	257	257
286	K	258	258
287	P	259	259
288	W	260	260
289	E	261	261
290	R	262	262
291	G	263	263
292	D	264	264
293	G	265	265
294	Q	266	266
295	D	267	267
296	R	268	268
297	S	269	269
298	A	270	270
299	R	271	271
300	Q	272	272
301	A	273	273
302	F	274	274
303	Q	275	275
304	A	276	276
305	A	277	277
306	K	278	278
307	I	279	279
308	I	280	280
309	T	281	281
310	Y	282	282
311	K	283	283
312	E	284	284
313	P	285	285
314	D	286	286
315	N	287	287
316	P	288	288
317	E	289	289
318	Y	290	290
319	L	291	291
320	E	292	292
321	F	293	293
322	L	294	294
323	K	295	295
324	Q	296	296
325	L	297	297
326	K	298	298
327	L	299	299
328	L	300	300
329	A	301	301
330	D	302	302
331	K	303	303
332	K	304	304
333	F	305	305
334	N	306	306
335	F	307	307
336	T	308	308
337	V	309	309
338	E	310	310
339	D	311	311
340	G	312	312
341	L	313	313
342	K	314	314
343	N	315	315
344	I	316	316
345	I	317	317
346	P	318	318
347	A	319	319
348	S	320	320
349	F	321	321
350	H	322	322
351	D	323	323
352	G	324	324
353	L	325	325
354	L	326	326
355	L	327	327
356	Y	328	328
357	V	329	329
358	Q	330	330
359	A	331	331
360	V	332	332
361	T	333	333
362	E	334	334
363	T	335	335
364	L	336	336
365	A	337	337
366	Q	338	338
367	G	339	339
368	G	340	340
369	T	341	341
370	V	342	342
371	T	343	343
372	D	344	344
373	G	345	345
374	E	346	346
375	N	347	347
376	I	348	348
377	T	349	349
378	Q	350	350
379	R	351	351
380	M	352	352
381	W	353	353
382	N	354	354
383	R	355	355
384	S	356	356
385	F	357	357
386	Q	358	358
387	G	359	359
388	V	360	360
389	T	361	361
390	G	362	362
391	Y	363	363
392	L	364	364
393	K	365	365
394	I	366	366
395	D	367	367
396	R	368	368
397	N	369	369
398	G	370	370
399	D	371	371
400	R	372	372
401	D	373	373
402	T	374	374
403	D	375	375
404	F	376	376
405	S	377	377
406	L	378	378
407	W	379	379
408	D	380	380
409	M	381	381
410	D	382	382
411	P	383	383
412	E	384	384
413	T	385	385
414	G	386	386
415	A	387	387
416	F	388	388
417	R	389	389
418	V	390	390
419	V	391	391
420	L	392	392
421	N	393	393
422	Y	394	394
423	N	395	395
424	G	396	396
425	T	397	397
426	S	398	398
427	Q	399	399
428	E	400	400
429	L	401	401
430	M	402	402
431	A	403	403
432	V	404	404
433	S	405	405
434	E	406	406
435	H	407	407
436	K	408	408
437	L	409	409
438	Y	410	410
439	W	411	411
440	P	412	412
441	L	413	413
442	G	414	414
443	Y	415	415
444	P	416	416
445	P	417	417
446	P	418	418
447	D	419	419
448	V	420	420
449	P	421	421
450	K	422	422
451	C	423	423
452	G	424	424
453	F	425	425
454	D	426	426
