UNIPROT_SEQ_NUM	UNIPROT	PDBResNumAuthor	PDBResNumCIF
413	N	392	383
414	K	393	384
415	T	394	385
416	V	395	386
417	V	396	387
418	V	397	388
419	T	398	389
420	T	399	390
421	I	400	391
422	L	401	392
423	E	402	393
424	S	403	394
425	P	404	395
426	Y	405	396
427	V	406	397
428	M	407	398
429	M	408	399
430	K	409	400
431	K	410	401
432	N	411	402
433	H	412	403
434	E	413	404
435	M	414	405
436	L	415	406
437	E	416	407
438	G	417	408
439	N	418	409
440	E	419	410
441	R	420	411
442	Y	421	412
443	E	422	413
444	G	423	414
445	Y	424	415
446	C	425	416
447	V	426	417
448	D	427	418
449	L	428	419
450	A	429	420
451	A	430	421
452	E	431	422
453	I	432	423
454	A	433	424
455	K	434	425
456	H	435	426
457	C	436	427
458	G	437	428
459	F	438	429
460	K	439	430
461	Y	440	431
462	K	441	432
463	L	442	433
464	T	443	434
465	I	444	435
466	V	445	436
467	G	446	437
468	D	447	438
469	G	448	439
470	K	449	440
471	Y	450	441
472	G	451	442
473	A	452	443
474	R	453	444
475	D	454	445
476	A	455	446
477	D	456	447
478	T	457	448
479	K	458	449
480	I	459	450
481	W	460	451
482	N	461	452
483	G	462	453
484	M	463	454
485	V	464	455
486	G	465	456
487	E	466	457
488	L	467	458
489	V	468	459
490	Y	469	460
491	G	470	461
492	K	471	462
493	A	472	463
494	D	473	464
495	I	474	465
496	A	475	466
497	I	476	467
498	A	477	468
499	P	478	469
500	L	479	470
501	T	480	471
502	I	481	472
503	T	482	473
504	L	483	474
505	V	484	475
506	R	485	476
507	E	486	477
508	E	487	478
509	V	488	479
510	I	489	480
511	D	490	481
512	F	491	482
513	S	492	483
514	K	493	484
515	P	494	485
516	F	495	486
517	M	496	487
518	S	497	488
519	L	498	489
520	G	499	490
521	I	500	491
522	S	501	492
523	I	502	493
524	M	503	494
525	I	504	495
526	K	505	496
527	K	506	497
528	P	507	498
529	Q	508	499
530	K	509	500
531	S	510	501
532	K	511	502
533	P	512	503
534	G	513	504
535	V	514	505
536	F	515	506
537	S	516	507
538	F	517	508
539	L	518	509
540	D	519	510
541	P	520	511
542	L	521	512
543	A	522	513
544	Y	523	514
545	E	524	515
546	I	525	516
547	W	526	517
548	M	527	518
549	C	528	519
550	I	529	520
551	V	530	521
552	F	531	522
553	A	532	523
554	Y	533	524
555	I	534	525
556	G	535	526
557	V	536	527
558	S	537	528
559	V	538	529
560	V	539	530
561	L	540	531
562	F	541	532
563	L	542	533
564	V	543	534
565	S	544	535
566	R	545	536
567	F	546	537
568	S	547	538
569	P	548	539
590	N	569	560
591	E	570	561
592	F	571	562
593	G	572	563
594	I	573	564
595	F	574	565
596	N	575	566
597	S	576	567
598	L	577	568
599	W	578	569
600	F	579	570
601	S	580	571
602	L	581	572
603	G	582	573
604	A	583	574
605	F	584	575
606	M	585	576
607	Q	586	577
608	Q	587	578
609	G	588	579
610	C	589	580
611	D	590	581
612	I	591	582
613	S	592	583
614	P	593	584
615	R	594	585
616	S	595	586
617	L	596	587
618	S	597	588
619	G	598	589
620	R	599	590
621	I	600	591
622	V	601	592
623	G	602	593
624	G	603	594
625	V	604	595
626	W	605	596
627	W	606	597
628	F	607	598
629	F	608	599
630	T	609	600
631	L	610	601
632	I	611	602
633	I	612	603
634	I	613	604
635	S	614	605
636	S	615	606
637	Y	616	607
638	T	617	608
639	A	618	609
640	N	619	610
641	L	620	611
642	A	621	612
643	A	622	613
644	F	623	614
645	L	624	615
646	T	625	616
647	V	626	617
648	E	627	618
649	R	628	619
650	M	629	620
651	V	630	621
652	S	631	622
653	P	632	623
654	I	633	624
655	E	634	625
656	S	635	626
657	A	636	627
658	E	637	628
659	D	638	629
660	L	639	630
661	S	640	631
662	K	641	632
663	Q	642	633
664	T	643	634
665	E	644	635
666	I	645	636
667	A	646	637
668	Y	647	638
669	G	648	639
670	T	649	640
671	L	650	641
672	D	651	642
673	S	652	643
674	G	653	644
675	S	654	645
676	T	655	646
677	K	656	647
678	E	657	648
679	F	658	649
680	F	659	650
681	R	660	651
682	R	661	652
683	S	662	653
684	K	663	654
685	I	664	655
686	A	665	656
687	V	666	657
688	F	667	658
689	D	668	659
690	K	669	660
691	M	670	661
692	W	671	662
693	T	672	663
694	Y	673	664
695	M	674	665
696	R	675	666
697	S	676	667
698	A	677	668
699	E	678	669
700	P	679	670
701	S	680	671
702	V	681	672
703	F	682	673
704	V	683	674
705	R	684	675
706	T	685	676
707	T	686	677
708	A	687	678
709	E	688	679
710	G	689	680
711	V	690	681
712	A	691	682
713	R	692	683
714	V	693	684
715	R	694	685
716	K	695	686
717	S	696	687
718	K	697	688
719	G	698	689
720	K	699	690
721	Y	700	691
722	A	701	692
723	Y	702	693
724	L	703	694
725	L	704	695
726	E	705	696
727	S	706	697
728	T	707	698
729	M	708	699
730	N	709	700
731	E	710	701
732	Y	711	702
733	I	712	703
734	E	713	704
735	Q	714	705
736	R	715	706
737	K	716	707
738	P	717	708
739	C	718	709
740	D	719	710
741	T	720	711
742	M	721	712
743	K	722	713
744	V	723	714
745	G	724	715
746	G	725	716
747	N	726	717
748	L	727	718
749	D	728	719
750	S	729	720
751	K	730	721
752	G	731	722
753	Y	732	723
754	G	733	724
755	I	734	725
756	A	735	726
757	T	736	727
758	P	737	728
759	K	738	729
760	G	739	730
761	S	740	731
762	S	741	732
763	L	742	733
764	G	743	734
765	N	744	735
766	A	745	736
767	V	746	737
768	N	747	738
769	L	748	739
770	A	749	740
771	V	750	741
772	L	751	742
773	K	752	743
774	L	753	744
775	N	754	745
776	E	755	746
777	Q	756	747
778	G	757	748
779	L	758	749
780	L	759	750
781	D	760	751
782	K	761	752
783	L	762	753
784	K	763	754
785	N	764	755
786	K	765	756
787	W	766	757
788	W	767	758
789	Y	768	759
790	D	769	760
791	K	770	761
792	G	771	762
793	E	772	763
794	C	773	764
795	G	774	765
796	S	775	766
805	T	784	775
806	S	785	776
807	A	786	777
808	L	787	778
809	S	788	779
810	L	789	780
811	S	790	781
812	N	791	782
813	V	792	783
814	A	793	784
815	G	794	785
816	V	795	786
817	F	796	787
818	Y	797	788
819	I	798	789
820	L	799	790
821	V	800	791
822	G	801	792
823	G	802	793
824	L	803	794
825	G	804	795
826	L	805	796
827	A	806	797
828	M	807	798
829	L	808	799
830	V	809	800
831	A	810	801
832	L	811	802
833	I	812	803
834	E	813	804
835	F	814	805
836	C	815	806
837	Y	816	807
838	K	817	808
839	S	818	809
840	R	819	810
841	A	820	811
