UNIPROT_SEQ_NUM	UNIPROT	PDBResNumAuthor	PDBResNumCIF
414	K	393	414
415	T	394	415
416	V	395	416
417	V	396	417
418	V	397	418
419	T	398	419
420	T	399	420
421	I	400	421
422	L	401	422
423	E	402	423
424	S	403	424
425	P	404	425
426	Y	405	426
427	V	406	427
428	M	407	428
429	M	408	429
430	K	409	430
431	K	410	431
432	N	411	432
433	H	412	433
434	E	413	434
435	M	414	435
436	L	415	436
437	E	416	437
438	G	417	438
439	N	418	439
440	E	419	440
441	R	420	441
442	Y	421	442
443	E	422	443
444	G	423	444
445	Y	424	445
446	C	425	446
447	V	426	447
448	D	427	448
449	L	428	449
450	A	429	450
451	A	430	451
452	E	431	452
453	I	432	453
454	A	433	454
455	K	434	455
456	H	435	456
457	C	436	457
458	G	437	458
459	F	438	459
460	K	439	460
461	Y	440	461
462	K	441	462
463	L	442	463
464	T	443	464
465	I	444	465
466	V	445	466
467	G	446	467
468	D	447	468
469	G	448	469
470	K	449	470
471	Y	450	471
472	G	451	472
473	A	452	473
474	R	453	474
475	D	454	475
476	A	455	476
477	D	456	477
478	T	457	478
479	K	458	479
480	I	459	480
481	W	460	481
482	N	461	482
483	G	462	483
484	M	463	484
485	V	464	485
486	G	465	486
487	E	466	487
488	L	467	488
489	V	468	489
490	Y	469	490
491	G	470	491
492	K	471	492
493	A	472	493
494	D	473	494
495	I	474	495
496	A	475	496
497	I	476	497
498	A	477	498
499	P	478	499
500	L	479	500
501	T	480	501
502	I	481	502
503	T	482	503
504	L	483	504
505	V	484	505
506	R	485	506
507	E	486	507
508	E	487	508
509	V	488	509
510	I	489	510
511	D	490	511
512	F	491	512
513	S	492	513
514	K	493	514
515	P	494	515
516	F	495	516
517	M	496	517
518	S	497	518
519	L	498	519
520	G	499	520
521	I	500	521
522	S	501	522
523	I	502	523
524	M	503	524
525	I	504	525
526	K	505	526
527	K	506	527
528	P	507	528
529	Q	508	529
530	K	509	530
531	S	510	531
532	K	511	532
533	P	512	533
534	G	513	534
535	V	514	535
536	F	515	536
537	S	516	537
538	F	517	538
539	L	518	539
540	D	519	540
541	P	520	541
542	L	521	542
543	A	522	543
544	Y	523	544
545	E	524	545
546	I	525	546
547	W	526	547
548	M	527	548
549	C	528	549
550	I	529	550
551	V	530	551
552	F	531	552
553	A	532	553
554	Y	533	554
555	I	534	555
556	G	535	556
557	V	536	557
558	S	537	558
559	V	538	559
560	V	539	560
561	L	540	561
562	F	541	562
563	L	542	563
564	V	543	564
565	S	544	565
566	R	545	566
567	F	546	567
568	S	547	568
569	P	548	569
570	Y	549	570
571	E	550	571
572	W	551	572
590	N	569	590
591	E	570	591
592	F	571	592
593	G	572	593
594	I	573	594
595	F	574	595
596	N	575	596
597	S	576	597
598	L	577	598
599	W	578	599
600	F	579	600
601	S	580	601
602	L	581	602
603	G	582	603
604	A	583	604
605	F	584	605
606	M	585	606
607	Q	586	607
608	Q	587	608
609	G	588	609
610	C	589	610
611	D	590	611
612	I	591	612
613	S	592	613
614	P	593	614
615	R	594	615
616	S	595	616
617	L	596	617
618	S	597	618
619	G	598	619
620	R	599	620
621	I	600	621
622	V	601	622
623	G	602	623
624	G	603	624
625	V	604	625
626	W	605	626
627	W	606	627
628	F	607	628
629	F	608	629
630	T	609	630
631	L	610	631
632	I	611	632
633	I	612	633
634	I	613	634
635	S	614	635
636	S	615	636
637	Y	616	637
638	T	617	638
639	A	618	639
640	N	619	640
641	L	620	641
642	A	621	642
643	A	622	643
644	F	623	644
645	L	624	645
646	T	625	646
647	V	626	647
648	E	627	648
649	R	628	649
650	M	629	650
651	V	630	651
656	S	635	656
657	A	636	657
658	E	637	658
659	D	638	659
660	L	639	660
661	S	640	661
662	K	641	662
663	Q	642	663
664	T	643	664
665	E	644	665
666	I	645	666
667	A	646	667
668	Y	647	668
669	G	648	669
670	T	649	670
671	L	650	671
672	D	651	672
673	S	652	673
674	G	653	674
675	S	654	675
676	T	655	676
677	K	656	677
678	E	657	678
679	F	658	679
680	F	659	680
681	R	660	681
682	R	661	682
683	S	662	683
684	K	663	684
685	I	664	685
686	A	665	686
687	V	666	687
688	F	667	688
689	D	668	689
690	K	669	690
691	M	670	691
692	W	671	692
693	T	672	693
694	Y	673	694
695	M	674	695
696	R	675	696
697	S	676	697
698	A	677	698
699	E	678	699
700	P	679	700
701	S	680	701
702	V	681	702
703	F	682	703
704	V	683	704
705	R	684	705
706	T	685	706
707	T	686	707
708	A	687	708
709	E	688	709
710	G	689	710
711	V	690	711
712	A	691	712
713	R	692	713
714	V	693	714
715	R	694	715
716	K	695	716
717	S	696	717
718	K	697	718
719	G	698	719
720	K	699	720
721	Y	700	721
722	A	701	722
723	Y	702	723
724	L	703	724
725	L	704	725
726	E	705	726
727	S	706	727
728	T	707	728
729	M	708	729
730	N	709	730
731	E	710	731
732	Y	711	732
733	I	712	733
734	E	713	734
735	Q	714	735
736	R	715	736
737	K	716	737
738	P	717	738
739	C	718	739
740	D	719	740
741	T	720	741
742	M	721	742
743	K	722	743
744	V	723	744
745	G	724	745
746	G	725	746
747	N	726	747
748	L	727	748
749	D	728	749
750	S	729	750
751	K	730	751
752	G	731	752
753	Y	732	753
754	G	733	754
755	I	734	755
756	A	735	756
757	T	736	757
758	P	737	758
759	K	738	759
760	G	739	760
761	S	740	761
762	S	741	762
763	L	742	763
764	G	743	764
765	N	744	765
766	A	745	766
767	V	746	767
768	N	747	768
769	L	748	769
770	A	749	770
771	V	750	771
772	L	751	772
773	K	752	773
774	L	753	774
775	N	754	775
776	E	755	776
777	Q	756	777
778	G	757	778
779	L	758	779
780	L	759	780
781	D	760	781
782	K	761	782
783	L	762	783
784	K	763	784
785	N	764	785
786	K	765	786
787	W	766	787
788	W	767	788
789	Y	768	789
790	D	769	790
791	K	770	791
792	G	771	792
793	E	772	793
794	C	773	794
806	S	785	806
807	A	786	807
808	L	787	808
809	S	788	809
810	L	789	810
811	S	790	811
812	N	791	812
813	V	792	813
814	A	793	814
815	G	794	815
816	V	795	816
817	F	796	817
818	Y	797	818
819	I	798	819
820	L	799	820
821	V	800	821
822	G	801	822
823	G	802	823
824	L	803	824
825	G	804	825
826	L	805	826
827	A	806	827
828	M	807	828
829	L	808	829
830	V	809	830
831	A	810	831
832	L	811	832
833	I	812	833
834	E	813	834
835	F	814	835
836	C	815	836
837	Y	816	837
838	K	817	838
839	S	818	839
840	R	819	840
841	A	820	841
842	E	821	842
843	A	822	843
844	K	823	844
