UNIPROT_SEQ_NUM	UNIPROT	PDBResNumAuthor	PDBResNumCIF
24	F	2	2
25	P	3	3
26	N	4	4
27	T	5	5
28	I	6	6
29	S	7	7
30	I	8	8
31	G	9	9
32	G	10	10
33	L	11	11
34	F	12	12
35	M	13	13
36	R	14	14
37	N	15	15
38	T	16	16
39	V	17	17
40	Q	18	18
41	E	19	19
42	H	20	20
43	S	21	21
44	A	22	22
45	F	23	23
46	R	24	24
47	F	25	25
48	A	26	26
49	V	27	27
50	Q	28	28
51	L	29	29
52	Y	30	30
53	N	31	31
54	T	32	32
55	N	33	33
56	Q	34	34
57	N	35	35
58	T	36	36
59	T	37	37
60	E	38	38
61	K	39	39
62	P	40	40
63	F	41	41
64	H	42	42
65	L	43	43
66	N	44	44
67	Y	45	45
68	H	46	46
69	V	47	47
70	D	48	48
71	H	49	49
72	L	50	50
73	D	51	51
74	S	52	52
75	S	53	53
76	N	54	54
77	S	55	55
78	F	56	56
79	S	57	57
80	V	58	58
81	T	59	59
82	N	60	60
83	A	61	61
84	F	62	62
85	C	63	63
86	S	64	64
87	Q	65	65
88	F	66	66
89	S	67	67
90	R	68	68
91	G	69	69
92	V	70	70
93	Y	71	71
94	A	72	72
95	I	73	73
96	F	74	74
97	G	75	75
98	F	76	76
99	Y	77	77
100	D	78	78
101	Q	79	79
102	M	80	80
103	S	81	81
104	M	82	82
105	N	83	83
106	T	84	84
107	L	85	85
108	T	86	86
109	S	87	87
110	F	88	88
111	C	89	89
112	G	90	90
113	A	91	91
114	L	92	92
115	H	93	93
116	T	94	94
117	S	95	95
118	F	96	96
119	V	97	97
120	T	98	98
121	P	99	99
122	S	100	100
123	F	101	101
124	P	102	102
125	T	103	103
126	D	104	104
127	A	105	105
128	D	106	106
129	V	107	107
130	Q	108	108
131	F	109	109
132	V	110	110
133	I	111	111
134	Q	112	112
135	M	113	113
136	R	114	114
137	P	115	115
138	A	116	116
139	L	117	117
140	K	118	118
141	G	119	119
142	A	120	120
143	I	121	121
144	L	122	122
145	S	123	123
146	L	124	124
147	L	125	125
148	S	126	126
149	Y	127	127
150	Y	128	128
151	K	129	129
152	W	130	130
153	E	131	131
154	K	132	132
155	F	133	133
156	V	134	134
157	Y	135	135
158	L	136	136
159	Y	137	137
160	D	138	138
161	T	139	139
162	E	140	140
163	R	141	141
164	G	142	142
165	F	143	143
166	S	144	144
167	V	145	145
168	L	146	146
169	Q	147	147
170	A	148	148
171	I	149	149
172	M	150	150
173	E	151	151
174	A	152	152
175	A	153	153
176	V	154	154
177	Q	155	155
178	N	156	156
179	N	157	157
180	W	158	158
181	Q	159	159
182	V	160	160
183	T	161	161
184	A	162	162
185	R	163	163
186	S	164	164
187	V	165	165
188	G	166	166
189	N	167	167
190	I	168	168
191	K	169	169
192	D	170	170
193	V	171	171
194	Q	172	172
195	E	173	173
196	F	174	174
197	R	175	175
198	R	176	176
199	I	177	177
200	I	178	178
201	E	179	179
202	E	180	180
203	M	181	181
204	D	182	182
205	R	183	183
206	R	184	184
207	Q	185	185
208	E	186	186
209	K	187	187
210	R	188	188
211	Y	189	189
212	L	190	190
213	I	191	191
214	D	192	192
215	C	193	193
216	E	194	194
217	V	195	195
218	E	196	196
219	R	197	197
220	I	198	198
221	N	199	199
222	T	200	200
223	I	201	201
224	L	202	202
225	E	203	203
226	Q	204	204
227	V	205	205
228	V	206	206
229	I	207	207
230	L	208	208
231	G	209	209
232	K	210	210
233	H	211	211
234	S	212	212
235	R	213	213
236	G	214	214
237	Y	215	215
238	H	216	216
239	Y	217	217
240	M	218	218
241	L	219	219
242	A	220	220
243	N	221	221
244	L	222	222
245	G	223	223
246	F	224	224
247	T	225	225
248	D	226	226
249	I	227	227
250	L	228	228
251	L	229	229
252	E	230	230
253	R	231	231
254	V	232	232
255	M	233	233
256	H	234	234
257	G	235	235
258	G	236	236
259	A	237	237
260	N	238	238
261	I	239	239
262	T	240	240
263	G	241	241
264	F	242	242
265	Q	243	243
266	I	244	244
267	V	245	245
268	N	246	246
269	N	247	247
270	E	248	248
271	N	249	249
272	P	250	250
273	M	251	251
274	V	252	252
275	Q	253	253
276	Q	254	254
277	F	255	255
278	I	256	256
279	Q	257	257
280	R	258	258
281	W	259	259
282	V	260	260
283	R	261	261
284	L	262	262
285	D	263	263
286	E	264	264
287	R	265	265
288	E	266	266
289	F	267	267
290	P	268	268
291	E	269	269
292	A	270	270
293	K	271	271
294	N	272	272
295	A	273	273
296	P	274	274
297	L	275	275
298	K	276	276
299	Y	277	277
300	T	278	278
301	S	279	279
302	A	280	280
303	L	281	281
304	T	282	282
305	H	283	283
306	D	284	284
307	A	285	285
308	I	286	286
309	L	287	287
310	V	288	288
311	I	289	289
312	A	290	290
313	E	291	291
314	A	292	292
315	F	293	293
316	R	294	294
317	Y	295	295
318	L	296	296
319	R	297	297
320	R	298	298
321	Q	299	299
322	R	300	300
323	V	301	301
324	D	302	302
325	V	303	303
326	S	304	304
327	R	305	305
328	R	306	306
329	G	307	307
330	S	308	308
331	A	309	309
332	G	310	310
333	D	311	311
334	C	312	312
335	L	313	313
336	A	314	314
337	N	315	315
338	P	316	316
339	A	317	317
340	V	318	318
341	P	319	319
342	W	320	320
343	S	321	321
344	Q	322	322
345	G	323	323
346	I	324	324
347	D	325	325
348	I	326	326
349	E	327	327
350	R	328	328
351	A	329	329
352	L	330	330
353	K	331	331
354	M	332	332
355	V	333	333
356	Q	334	334
357	V	335	335
358	Q	336	336
359	G	337	337
360	M	338	338
361	T	339	339
362	G	340	340
363	N	341	341
364	I	342	342
365	Q	343	343
366	F	344	344
367	D	345	345
368	T	346	346
369	Y	347	347
370	G	348	348
371	R	349	349
372	R	350	350
373	T	351	351
374	N	352	352
375	Y	353	353
376	T	354	354
377	I	355	355
378	D	356	356
379	V	357	357
380	Y	358	358
381	E	359	359
382	M	360	360
383	K	361	361
386	G	364	364
387	S	365	365
388	R	366	366
389	K	367	367
390	A	368	368
391	G	369	369
392	Y	370	370
393	W	371	371
394	N	372	372
395	E	373	373
396	Y	374	374
397	E	375	375
398	R	376	376
399	F	377	377
400	V	378	378
401	P	379	379
402	F	380	380
403	S	381	381
