UNIPROT_SEQ_NUM	UNIPROT	PDBResNumAuthor	PDBResNumCIF
23	F	2	2
24	P	3	3
25	S	4	4
26	S	5	5
27	V	6	6
28	Q	7	7
29	I	8	8
30	G	9	9
31	G	10	10
32	L	11	11
33	F	12	12
34	I	13	13
35	R	14	14
36	N	15	15
37	T	16	16
38	D	17	17
39	Q	18	18
40	E	19	19
41	Y	20	20
42	T	21	21
43	A	22	22
44	F	23	23
45	R	24	24
46	L	25	25
47	A	26	26
48	I	27	27
49	F	28	28
50	L	29	29
51	H	30	30
52	N	31	31
53	T	32	32
54	S	33	33
55	P	34	34
56	N	35	35
57	A	36	36
60	A	39	39
61	P	40	40
62	F	41	41
63	N	42	42
64	L	43	43
65	V	44	44
66	P	45	45
67	H	46	46
68	V	47	47
69	D	48	48
70	N	49	49
71	I	50	50
72	E	51	51
73	T	52	52
74	A	53	53
75	N	54	54
76	S	55	55
77	F	56	56
78	A	57	57
79	V	58	58
80	T	59	59
81	N	60	60
82	A	61	61
83	F	62	62
84	C	63	63
85	S	64	64
86	Q	65	65
87	Y	66	66
88	S	67	67
89	R	68	68
90	G	69	69
91	V	70	70
92	F	71	71
93	A	72	72
94	I	73	73
95	F	74	74
96	G	75	75
97	L	76	76
98	Y	77	77
99	D	78	78
100	K	79	79
101	R	80	80
102	S	81	81
103	V	82	82
104	H	83	83
105	T	84	84
106	L	85	85
107	T	86	86
108	S	87	87
109	F	88	88
110	C	89	89
111	S	90	90
112	A	91	91
113	L	92	92
114	H	93	93
115	I	94	94
116	S	95	95
117	L	96	96
118	I	97	97
119	T	98	98
120	P	99	99
121	S	100	100
122	F	101	101
123	P	102	102
124	T	103	103
125	E	104	104
126	G	105	105
127	E	106	106
128	S	107	107
129	Q	108	108
130	F	109	109
131	V	110	110
132	L	111	111
133	Q	112	112
134	L	113	113
135	R	114	114
136	P	115	115
137	S	116	116
138	L	117	117
139	R	118	118
140	G	119	119
141	A	120	120
142	L	121	121
143	L	122	122
144	S	123	123
145	L	124	124
146	L	125	125
147	D	126	126
148	H	127	127
149	Y	128	128
150	E	129	129
151	W	130	130
152	N	131	131
153	C	132	132
154	F	133	133
155	V	134	134
156	F	135	135
157	L	136	136
158	Y	137	137
159	D	138	138
160	T	139	139
161	D	140	140
162	R	141	141
163	G	142	142
164	Y	143	143
165	S	144	144
166	I	145	145
167	L	146	146
168	Q	147	147
169	A	148	148
170	I	149	149
171	M	150	150
172	E	151	151
173	K	152	152
174	A	153	153
175	G	154	154
176	Q	155	155
177	N	156	156
178	G	157	157
179	W	158	158
180	H	159	159
181	V	160	160
182	S	161	161
183	A	162	162
184	I	163	163
185	C	164	164
186	V	165	165
187	E	166	166
188	N	167	167
189	F	168	168
190	N	169	169
191	D	170	170
192	V	171	171
193	S	172	172
194	Y	173	173
195	R	174	174
196	Q	175	175
197	L	176	176
198	L	177	177
199	E	178	178
200	E	179	179
201	L	180	180
202	D	181	181
203	R	182	182
204	R	183	183
205	Q	184	184
206	E	185	185
207	K	186	186
208	K	187	187
209	F	188	188
210	V	189	189
211	I	190	190
212	D	191	191
213	C	192	192
214	E	193	193
215	I	194	194
216	E	195	195
217	R	196	196
218	L	197	197
219	Q	198	198
220	N	199	199
221	I	200	200
222	L	201	201
223	E	202	202
224	Q	203	203
225	I	204	204
226	V	205	205
227	S	206	206
228	V	207	207
229	G	208	208
230	K	209	209
231	H	210	210
232	V	211	211
233	K	212	212
234	G	213	213
235	Y	214	214
236	H	215	215
237	Y	216	216
238	I	217	217
239	I	218	218
240	A	219	219
241	N	220	220
242	L	221	221
243	G	222	222
244	F	223	223
245	K	224	224
246	D	225	225
247	I	226	226
248	S	227	227
249	L	228	228
250	E	229	229
251	R	230	230
252	F	231	231
253	I	232	232
254	H	233	233
255	G	234	234
256	G	235	235
257	A	236	236
258	N	237	237
259	V	238	238
260	T	239	239
261	G	240	240
262	F	241	241
263	Q	242	242
264	L	243	243
265	V	244	244
266	D	245	245
267	F	246	246
268	N	247	247
269	T	248	248
270	P	249	249
271	M	250	250
272	V	251	251
273	T	252	252
274	K	253	253
275	L	254	254
276	M	255	255
277	D	256	256
278	R	257	257
279	W	258	258
280	K	259	259
281	K	260	260
282	L	261	261
283	D	262	262
284	Q	263	263
285	R	264	264
286	E	265	265
287	Y	266	266
288	P	267	267
289	G	268	268
290	S	269	269
291	E	270	270
292	T	271	271
293	P	272	272
294	P	273	273
295	K	274	274
296	Y	275	275
297	T	276	276
298	S	277	277
299	A	278	278
300	L	279	279
301	T	280	280
302	Y	281	281
303	D	282	282
304	G	283	283
305	V	284	284
306	L	285	285
307	V	286	286
308	M	287	287
309	A	288	288
310	E	289	289
311	T	290	290
312	F	291	291
313	R	292	292
314	S	293	293
315	L	294	294
316	R	295	295
317	R	296	296
318	Q	297	297
319	K	298	298
320	I	299	299
321	D	300	300
322	I	301	301
323	S	302	302
324	R	303	303
325	R	304	304
326	G	305	305
327	N	306	306
328	A	307	307
329	G	308	308
330	D	309	309
331	C	310	310
332	L	311	311
333	A	312	312
334	N	313	313
335	P	314	314
336	A	315	315
337	A	316	316
338	P	317	317
339	W	318	318
340	G	319	319
341	Q	320	320
342	G	321	321
343	I	322	322
344	D	323	323
345	M	324	324
346	E	325	325
347	R	326	326
348	T	327	327
349	L	328	328
350	K	329	329
351	Q	330	330
352	V	331	331
353	R	332	332
354	I	333	333
355	Q	334	334
356	G	335	335
357	L	336	336
358	T	337	337
359	G	338	338
360	N	339	339
361	V	340	340
362	Q	341	341
363	F	342	342
364	D	343	343
365	H	344	344
366	Y	345	345
367	G	346	346
368	R	347	347
369	R	348	348
370	V	349	349
371	N	350	350
372	Y	351	351
373	T	352	352
374	M	353	353
375	D	354	354
376	V	355	355
377	F	356	356
378	E	357	357
379	L	358	358
380	K	359	359
381	S	360	360
382	T	361	361
383	G	362	362
384	P	363	363
385	R	364	364
386	K	365	365
387	V	366	366
388	G	367	367
389	Y	368	368
390	W	369	369
391	N	370	370
392	D	371	371
393	M	372	372
394	D	373	373
395	K	374	374
396	L	375	375
397	V	376	376
398	L	377	377
399	I	378	378
