UNIPROT_SEQ_NUM	UNIPROT	PDBResNumAuthor	PDBResNumCIF
406	N	388	414
407	R	389	415
408	T	390	416
409	Y	391	417
410	I	392	418
411	V	393	419
412	T	394	420
413	T	395	421
414	I	396	422
415	L	397	423
416	E	398	424
417	D	399	425
418	P	400	426
419	Y	401	427
420	V	402	428
421	M	403	429
422	L	404	430
423	K	405	431
424	K	406	432
425	N	407	433
426	A	408	434
427	N	409	435
428	Q	410	436
429	F	411	437
430	E	412	438
431	G	413	439
432	N	414	440
433	D	415	441
434	R	416	442
435	Y	417	443
436	E	418	444
437	G	419	445
438	Y	420	446
439	C	421	447
440	V	422	448
441	E	423	449
442	L	424	450
443	A	425	451
444	A	426	452
445	E	427	453
446	I	428	454
447	A	429	455
448	K	430	456
449	H	431	457
450	V	432	458
451	G	433	459
452	Y	434	460
453	S	435	461
454	Y	436	462
455	R	437	463
456	L	438	464
457	E	439	465
458	I	440	466
459	V	441	467
460	S	442	468
461	D	443	469
462	G	444	470
463	K	445	471
464	Y	446	472
465	G	447	473
466	A	448	474
467	R	449	475
468	D	450	476
469	P	451	477
470	D	452	478
471	T	453	479
472	K	454	480
473	A	455	481
474	W	456	482
475	N	457	483
476	G	458	484
477	M	459	485
478	V	460	486
479	G	461	487
480	E	462	488
481	L	463	489
482	V	464	490
483	Y	465	491
484	G	466	492
485	R	467	493
486	A	468	494
487	D	469	495
488	V	470	496
489	A	471	497
490	V	472	498
491	A	473	499
492	P	474	500
493	L	475	501
494	T	476	502
495	I	477	503
496	T	478	504
497	L	479	505
498	V	480	506
499	R	481	507
500	E	482	508
501	E	483	509
502	V	484	510
503	I	485	511
504	D	486	512
505	F	487	513
506	S	488	514
507	K	489	515
508	P	490	516
509	F	491	517
510	M	492	518
511	S	493	519
512	L	494	520
513	G	495	521
514	I	496	522
515	S	497	523
516	I	498	524
517	M	499	525
518	I	500	526
519	K	501	527
520	K	502	528
521	P	503	529
522	Q	504	530
523	K	505	531
524	S	506	532
525	K	507	533
526	P	508	534
527	G	509	535
528	V	510	536
529	F	511	537
530	S	512	538
531	F	513	539
532	L	514	540
533	D	515	541
534	P	516	542
535	L	517	543
536	A	518	544
537	Y	519	545
538	E	520	546
539	I	521	547
540	W	522	548
541	M	523	549
542	C	524	550
543	I	525	551
544	V	526	552
545	F	527	553
546	A	528	554
547	Y	529	555
548	I	530	556
549	G	531	557
550	V	532	558
551	S	533	559
552	V	534	560
553	V	535	561
554	L	536	562
555	F	537	563
556	L	538	564
557	V	539	565
558	S	540	566
559	R	541	567
560	F	542	568
561	S	543	569
562	P	544	570
563	Y	545	571
564	E	546	572
565	W	547	573
583	N	565	591
584	E	566	592
585	F	567	593
586	G	568	594
587	I	569	595
588	F	570	596
589	N	571	597
590	S	572	598
591	L	573	599
592	W	574	600
593	F	575	601
594	S	576	602
595	L	577	603
596	G	578	604
597	A	579	605
598	F	580	606
599	M	581	607
600	Q	582	608
601	Q	583	609
602	G	584	610
603	C	585	611
604	D	586	612
605	I	587	613
606	S	588	614
607	P	589	615
608	R	590	616
609	S	591	617
610	L	592	618
611	S	593	619
612	G	594	620
613	R	595	621
614	I	596	622
615	V	597	623
616	G	598	624
617	G	599	625
618	V	600	626
619	W	601	627
620	W	602	628
621	F	603	629
622	F	604	630
623	T	605	631
624	L	606	632
625	I	607	633
626	I	608	634
627	I	609	635
628	S	610	636
629	S	611	637
630	Y	612	638
631	T	613	639
632	A	614	640
633	N	615	641
634	L	616	642
635	A	617	643
636	A	618	644
637	F	619	645
638	L	620	646
639	T	621	647
640	V	622	648
641	E	623	649
642	R	624	650
643	M	625	651
644	V	626	652
645	S	627	653
646	P	628	654
647	I	629	655
648	E	630	656
649	S	631	657
650	A	632	658
651	E	633	659
652	D	634	660
653	L	635	661
654	A	636	662
655	K	637	663
656	Q	638	664
657	T	639	665
658	E	640	666
659	I	641	667
660	A	642	668
661	Y	643	669
662	G	644	670
663	T	645	671
664	L	646	672
665	E	647	673
666	A	648	674
667	G	649	675
668	S	650	676
669	T	651	677
670	K	652	678
671	E	653	679
672	F	654	680
673	F	655	681
674	R	656	682
675	R	657	683
676	S	658	684
677	K	659	685
678	I	660	686
679	A	661	687
680	V	662	688
681	F	663	689
682	E	664	690
683	K	665	691
684	M	666	692
685	W	667	693
686	T	668	694
687	Y	669	695
688	M	670	696
689	K	671	697
690	S	672	698
691	A	673	699
692	E	674	700
693	P	675	701
694	S	676	702
695	V	677	703
696	F	678	704
697	V	679	705
698	R	680	706
699	T	681	707
700	T	682	708
701	E	683	709
702	E	684	710
703	G	685	711
704	M	686	712
705	I	687	713
706	R	688	714
707	V	689	715
708	R	690	716
709	K	691	717
710	S	692	718
711	K	693	719
712	G	694	720
713	K	695	721
714	Y	696	722
715	A	697	723
716	Y	698	724
717	L	699	725
718	L	700	726
719	E	701	727
720	S	702	728
721	T	703	729
722	M	704	730
723	N	705	731
724	E	706	732
725	Y	707	733
726	I	708	734
727	E	709	735
728	Q	710	736
729	R	711	737
730	K	712	738
731	P	713	739
732	C	714	740
733	D	715	741
734	T	716	742
735	M	717	743
736	K	718	744
737	V	719	745
738	G	720	746
739	G	721	747
740	N	722	748
741	L	723	749
742	D	724	750
743	S	725	751
744	K	726	752
745	G	727	753
746	Y	728	754
747	G	729	755
748	I	730	756
749	A	731	757
750	T	732	758
751	P	733	759
752	K	734	760
753	G	735	761
754	S	736	762
755	A	737	763
756	L	738	764
757	R	739	765
758	N	740	766
759	P	741	767
760	V	742	768
761	N	743	769
762	L	744	770
763	A	745	771
764	V	746	772
765	L	747	773
766	K	748	774
767	L	749	775
768	N	750	776
769	E	751	777
770	Q	752	778
771	G	753	779
772	L	754	780
773	L	755	781
774	D	756	782
775	K	757	783
776	L	758	784
777	K	759	785
778	N	760	786
779	K	761	787
780	W	762	788
781	W	763	789
782	Y	764	790
783	D	765	791
784	K	766	792
785	G	767	793
786	E	768	794
787	C	769	795
788	G	770	796
789	S	771	797
790	G	772	798
791	G	773	799
796	D	778	804
797	K	779	805
798	T	780	806
799	S	781	807
800	A	782	808
801	L	783	809
802	S	784	810
803	L	785	811
804	S	786	812
805	N	787	813
806	V	788	814
807	A	789	815
808	G	790	816
809	V	791	817
810	F	792	818
811	Y	793	819
812	I	794	820
813	L	795	821
814	I	796	822
815	G	797	823
816	G	798	824
817	L	799	825
818	G	800	826
819	L	801	827
820	A	802	828
821	M	803	829
822	L	804	830
823	V	805	831
824	A	806	832
825	L	807	833
826	I	808	834
827	E	809	835
828	F	810	836
829	C	811	837
830	Y	812	838
831	K	813	839
832	S	814	840
833	R	815	841
