UNIPROT_SEQ_NUM	UNIPROT	PDBResNumAuthor	PDBResNumCIF
524	S	506	532
525	K	507	533
526	P	508	534
527	G	509	535
528	V	510	536
529	F	511	537
530	S	512	538
531	F	513	539
532	L	514	540
533	D	515	541
534	P	516	542
535	L	517	543
536	A	518	544
537	Y	519	545
538	E	520	546
539	I	521	547
540	W	522	548
541	M	523	549
542	C	524	550
543	I	525	551
544	V	526	552
545	F	527	553
546	A	528	554
547	Y	529	555
548	I	530	556
549	G	531	557
550	V	532	558
551	S	533	559
552	V	534	560
553	V	535	561
554	L	536	562
555	F	537	563
556	L	538	564
557	V	539	565
558	S	540	566
559	R	541	567
560	F	542	568
583	N	565	591
584	E	566	592
585	F	567	593
586	G	568	594
587	I	569	595
588	F	570	596
589	N	571	597
590	S	572	598
591	L	573	599
592	W	574	600
593	F	575	601
594	S	576	602
595	L	577	603
596	G	578	604
597	A	579	605
598	F	580	606
599	M	581	607
600	Q	582	608
601	Q	583	609
602	G	584	610
603	C	585	611
604	D	586	612
605	I	587	613
606	S	588	614
607	P	589	615
608	R	590	616
609	S	591	617
610	L	592	618
611	S	593	619
612	G	594	620
613	R	595	621
614	I	596	622
615	V	597	623
616	G	598	624
617	G	599	625
618	V	600	626
619	W	601	627
620	W	602	628
621	F	603	629
622	F	604	630
623	T	605	631
624	L	606	632
625	I	607	633
626	I	608	634
627	I	609	635
628	S	610	636
629	S	611	637
630	Y	612	638
631	T	613	639
632	A	614	640
633	N	615	641
634	L	616	642
635	A	617	643
636	A	618	644
637	F	619	645
638	L	620	646
639	T	621	647
640	V	622	648
641	E	623	649
797	K	779	805
798	T	780	806
799	S	781	807
800	A	782	808
801	L	783	809
802	S	784	810
803	L	785	811
804	S	786	812
805	N	787	813
806	V	788	814
807	A	789	815
808	G	790	816
809	V	791	817
810	F	792	818
811	Y	793	819
812	I	794	820
813	L	795	821
814	I	796	822
815	G	797	823
816	G	798	824
817	L	799	825
818	G	800	826
819	L	801	827
820	A	802	828
821	M	803	829
822	L	804	830
823	V	805	831
824	A	806	832
825	L	807	833
826	I	808	834
827	E	809	835
828	F	810	836
829	C	811	837
830	Y	812	838
831	K	813	839
832	S	814	840
833	R	815	841
