UNIPROT_SEQ_NUM	UNIPROT	PDBResNumAuthor	PDBResNumCIF
25	N	4	1
26	S	5	2
27	I	6	3
28	Q	7	4
29	I	8	5
30	G	9	6
31	G	10	7
32	L	11	8
33	F	12	9
34	P	13	10
35	R	14	11
36	G	15	12
37	A	16	13
38	D	17	14
39	Q	18	15
40	E	19	16
41	Y	20	17
42	S	21	18
43	A	22	19
44	F	23	20
45	R	24	21
46	V	25	22
47	G	26	23
48	M	27	24
49	V	28	25
50	Q	29	26
51	F	30	27
52	S	31	28
53	T	32	29
54	S	33	30
55	E	34	31
56	F	35	32
57	R	36	33
58	L	37	34
59	T	38	35
60	P	39	36
61	H	40	37
62	I	41	38
63	D	42	39
64	N	43	40
65	L	44	41
66	E	45	42
67	V	46	43
68	A	47	44
69	N	48	45
70	S	49	46
71	F	50	47
72	A	51	48
73	V	52	49
74	T	53	50
75	N	54	51
76	A	55	52
77	F	56	53
78	C	57	54
79	S	58	55
80	Q	59	56
81	F	60	57
82	S	61	58
83	R	62	59
84	G	63	60
85	V	64	61
86	Y	65	62
87	A	66	63
88	I	67	64
89	F	68	65
90	G	69	66
91	F	70	67
92	Y	71	68
93	D	72	69
94	K	73	70
95	K	74	71
96	S	75	72
97	V	76	73
98	N	77	74
99	T	78	75
100	I	79	76
101	T	80	77
102	S	81	78
103	F	82	79
104	C	83	80
105	G	84	81
106	T	85	82
107	L	86	83
108	H	87	84
109	V	88	85
110	S	89	86
111	F	90	87
112	I	91	88
113	T	92	89
114	P	93	90
115	S	94	91
116	F	95	92
117	P	96	93
118	T	97	94
119	D	98	95
120	G	99	96
121	T	100	97
122	H	101	98
123	P	102	99
124	F	103	100
125	V	104	101
126	I	105	102
127	Q	106	103
128	M	107	104
129	R	108	105
130	P	109	106
131	D	110	107
132	L	111	108
133	K	112	109
134	G	113	110
135	A	114	111
136	L	115	112
137	L	116	113
138	S	117	114
139	L	118	115
140	I	119	116
141	E	120	117
142	Y	121	118
143	Y	122	119
144	Q	123	120
145	W	124	121
146	D	125	122
147	K	126	123
148	F	127	124
149	A	128	125
150	Y	129	126
151	L	130	127
152	Y	131	128
153	D	132	129
154	S	133	130
155	D	134	131
156	R	135	132
157	G	136	133
158	L	137	134
159	S	138	135
160	T	139	136
161	L	140	137
162	Q	141	138
163	A	142	139
164	V	143	140
165	L	144	141
166	D	145	142
167	S	146	143
168	A	147	144
169	A	148	145
170	E	149	146
171	K	150	147
172	K	151	148
173	W	152	149
174	Q	153	150
175	V	154	151
176	T	155	152
177	A	156	153
178	I	157	154
179	N	158	155
180	V	159	156
181	G	160	157
182	N	161	158
183	I	162	159
184	N	163	160
185	N	164	161
186	D	165	162
187	K	166	163
188	K	167	164
189	D	168	165
190	E	169	166
191	T	170	167
192	Y	171	168
193	R	172	169
194	S	173	170
195	L	174	171
196	F	175	172
197	Q	176	173
198	D	177	174
199	L	178	175
200	E	179	176
201	L	180	177
202	K	181	178
203	K	182	179
204	E	183	180
205	R	184	181
206	R	185	182
207	V	186	183
208	I	187	184
209	L	188	185
210	D	189	186
211	C	190	187
212	E	191	188
213	R	192	189
214	D	193	190
215	K	194	191
216	V	195	192
217	N	196	193
218	D	197	194
219	I	198	195
220	V	199	196
221	D	200	197
222	Q	201	198
223	V	202	199
224	I	203	200
225	T	204	201
226	I	205	202
227	G	206	203
228	K	207	204
229	H	208	205
230	V	209	206
231	K	210	207
232	G	211	208
233	Y	212	209
234	H	213	210
235	Y	214	211
236	I	215	212
237	I	216	213
238	A	217	214
239	N	218	215
240	L	219	216
241	G	220	217
242	F	221	218
243	T	222	219
244	D	223	220
245	G	224	221
246	D	225	222
247	L	226	223
248	L	227	224
249	K	228	225
250	I	229	226
251	Q	230	227
252	F	231	228
253	G	232	229
254	G	233	230
255	A	234	231
256	N	235	232
257	V	236	233
258	S	237	234
259	G	238	235
260	F	239	236
261	Q	240	237
262	I	241	238
263	V	242	239
264	D	243	240
265	Y	244	241
266	D	245	242
267	D	246	243
268	S	247	244
269	L	248	245
270	V	249	246
271	S	250	247
272	K	251	248
273	F	252	249
274	I	253	250
275	E	254	251
276	R	255	252
277	W	256	253
278	S	257	254
279	T	258	255
280	L	259	256
281	E	260	257
282	E	261	258
283	K	262	259
284	E	263	260
285	Y	264	261
286	P	265	262
287	G	266	263
288	A	267	264
289	H	268	265
290	T	269	266
291	A	270	267
292	T	271	268
293	I	272	269
294	K	273	270
295	Y	274	271
296	T	275	272
297	S	276	273
298	A	277	274
299	L	278	275
300	T	279	276
301	Y	280	277
302	D	281	278
303	A	282	279
304	V	283	280
305	Q	284	281
306	V	285	282
307	M	286	283
308	T	287	284
309	E	288	285
310	A	289	286
311	F	290	287
312	R	291	288
313	N	292	289
314	L	293	290
315	R	294	291
316	K	295	292
317	Q	296	293
318	R	297	294
319	I	298	295
320	E	299	296
321	I	300	297
322	S	301	298
323	R	302	299
327	A	306	303
328	G	307	304
329	D	308	305
330	C	309	306
331	L	310	307
332	A	311	308
333	N	312	309
334	P	313	310
335	A	314	311
336	V	315	312
337	P	316	313
338	W	317	314
339	G	318	315
340	Q	319	316
341	G	320	317
342	V	321	318
343	E	322	319
344	I	323	320
345	E	324	321
346	R	325	322
347	A	326	323
348	L	327	324
349	K	328	325
350	Q	329	326
351	V	330	327
352	Q	331	328
353	V	332	329
354	E	333	330
355	G	334	331
356	L	335	332
357	S	336	333
358	G	337	334
359	N	338	335
360	I	339	336
361	K	340	337
362	F	341	338
363	D	342	339
364	Q	343	340
365	N	344	341
366	G	345	342
367	K	346	343
368	R	347	344
369	I	348	345
370	N	349	346
371	Y	350	347
372	T	351	348
373	I	352	349
374	N	353	350
375	I	354	351
376	M	355	352
377	E	356	353
378	L	357	354
379	K	358	355
380	T	359	356
381	N	360	357
382	G	361	358
383	P	362	359
384	R	363	360
385	K	364	361
386	I	365	362
387	G	366	363
388	Y	367	364
389	W	368	365
390	S	369	366
391	E	370	367
392	V	371	368
393	D	372	369
394	K	373	370
395	M	374	371
396	V	375	372
397	V	376	373
398	T	377	374
