UNIPROT_SEQ_NUM	UNIPROT	PDBResNumAuthor	PDBResNumCIF
114	S	239	17
115	V	240	18
116	F	241	19
117	I	242	20
118	F	243	21
119	P	244	22
120	P	245	23
121	K	246	24
122	T	247	25
123	K	248	26
124	D	249	27
125	V	250	28
126	L	251	29
127	T	252	30
128	I	253	31
129	T	254	32
130	L	255	33
131	T	256	34
132	P	257	35
133	K	258	36
134	V	259	37
135	T	260	38
136	C	261	39
137	V	262	40
138	V	263	41
139	V	264	42
140	D	265	43
141	I	266	44
142	S	267	45
143	Q	268	46
144	N	269	47
145	D	270	48
146	P	271	49
147	E	272	50
148	V	273	51
149	R	274	52
150	F	275	53
151	S	276	54
152	W	277	55
153	F	278	56
154	I	279	57
155	D	280	58
156	D	281	59
157	V	282	60
158	E	283	61
159	V	284	62
160	H	285	63
161	T	286	64
162	A	287	65
163	Q	288	66
164	T	289	67
165	H	290	68
166	A	291	69
167	P	292	70
168	E	293	71
169	K	294	72
170	Q	295	73
171	S	296	74
172	N	297	75
173	S	298	76
174	T	299	77
175	L	300	78
176	R	301	79
177	S	302	80
178	V	303	81
179	S	304	82
180	E	305	83
181	L	306	84
182	P	307	85
183	I	308	86
184	V	309	87
185	H	310	88
186	R	311	89
187	D	312	90
188	W	313	91
189	L	314	92
190	N	315	93
191	G	316	94
192	K	317	95
193	T	318	96
194	F	319	97
195	K	320	98
196	C	321	99
197	K	322	100
198	V	323	101
199	N	324	102
200	S	325	103
201	G	326	104
202	A	327	105
203	F	328	106
204	P	329	107
205	A	330	108
206	P	331	109
207	I	332	110
208	E	333	111
209	K	334	112
210	S	335	113
211	I	336	114
212	S	337	115
213	K	338	116
214	P	339	117
215	E	340	118
216	G	341	119
217	T	342	120
218	P	343	121
219	R	344	122
220	G	345	123
221	P	346	124
222	Q	347	125
223	V	348	126
224	Y	349	127
225	T	350	128
226	M	351	129
227	A	352	130
228	P	353	131
229	P	354	132
230	K	355	133
231	E	356	134
232	E	357	135
233	M	358	136
234	T	359	137
235	Q	360	138
236	S	361	139
237	Q	362	140
238	V	363	141
239	S	364	142
240	I	365	143
241	T	366	144
242	C	367	145
243	M	368	146
244	V	369	147
245	K	370	148
246	G	371	149
247	F	372	150
248	Y	373	151
249	P	374	152
250	P	375	153
251	D	376	154
252	I	377	155
253	Y	378	156
254	T	379	157
255	E	380	158
256	W	381	159
257	K	382	160
258	M	383	161
259	N	384	162
260	G	385	163
261	Q	386	164
262	P	387	165
263	Q	388	166
264	E	389	167
265	N	390	168
266	Y	391	169
267	K	392	170
268	N	393	171
269	T	394	172
270	P	395	173
271	P	396	174
272	T	397	175
273	M	398	176
274	D	399	177
275	T	400	178
276	D	401	179
277	G	402	180
278	S	403	181
279	Y	404	182
280	F	405	183
281	L	406	184
282	Y	407	185
283	S	408	186
284	K	409	187
285	L	410	188
286	N	411	189
287	V	412	190
288	K	413	191
289	K	414	192
290	E	415	193
291	T	416	194
292	W	417	195
293	Q	418	196
294	Q	419	197
295	G	420	198
296	N	421	199
297	T	422	200
298	F	423	201
299	T	424	202
300	C	425	203
301	S	426	204
302	V	427	205
303	L	428	206
304	H	429	207
305	E	430	208
306	G	431	209
307	L	432	210
308	H	433	211
309	N	434	212
310	H	435	213
311	H	436	214
312	T	437	215
313	E	438	216
314	K	439	217
315	S	440	218
316	L	441	219
317	S	442	220
318	H	443	221
