UNIPROT_SEQ_NUM	UNIPROT	PDBResNumAuthor	PDBResNumCIF
1	A	118	118
2	Q	119	119
3	T	120	120
4	T	121	121
5	A	122	122
6	P	123	123
7	S	124	124
8	V	125	125
9	Y	126	126
10	P	127	127
11	L	128	128
12	A	129	129
13	P	130	130
14	G	131	131
15	C	132	132
16	G	133	133
17	D	134	134
18	T	135	135
19	T	136	136
20	S	137	137
21	S	138	138
22	T	139	139
23	V	140	140
24	T	141	141
25	L	142	142
26	G	143	143
27	C	144	144
28	L	145	145
29	V	146	146
30	K	147	147
31	G	148	148
32	Y	149	149
33	F	150	150
34	P	151	151
35	E	152	152
36	P	153	153
37	V	154	154
38	T	155	155
39	V	156	156
40	T	157	157
41	W	158	158
42	N	159	159
43	S	160	160
44	G	161	161
45	A	162	162
46	L	163	163
47	S	164	164
48	S	165	165
49	D	166	166
50	V	167	167
51	H	168	168
52	T	169	169
53	F	170	170
54	P	171	171
55	A	172	172
56	V	173	173
57	L	174	174
58	Q	175	175
59	S	176	176
60	G	177	177
61	L	178	178
62	Y	179	179
63	T	180	180
64	L	181	181
65	T	182	182
66	S	183	183
67	S	184	184
68	V	185	185
69	T	186	186
70	S	187	187
71	S	188	188
72	T	189	189
73	W	190	190
74	P	191	191
75	S	192	192
76	Q	193	193
77	T	194	194
78	V	195	195
79	T	196	196
80	C	197	197
81	N	198	198
82	V	199	199
83	A	200	200
84	H	201	201
85	P	202	202
86	A	203	203
87	S	204	204
88	S	205	205
89	T	206	206
90	K	207	207
91	V	208	208
92	D	209	209
93	K	210	210
94	K	211	211
95	V	212	212
96	E	213	213
97	R	214	214
98	R	215	215
