UNIPROT_SEQ_NUM	UNIPROT	PDBResNumAuthor	PDBResNumCIF
52	N	52	36
53	S	53	37
54	D	54	38
55	L	55	39
56	D	56	40
57	V	57	41
58	N	58	42
59	T	59	43
60	D	60	44
61	I	61	45
62	Y	62	46
63	S	63	47
64	K	64	48
65	V	65	49
66	L	66	50
67	V	67	51
68	T	68	52
69	A	69	53
70	I	70	54
71	Y	71	55
72	L	72	56
73	A	73	57
74	L	74	58
75	F	75	59
76	V	76	60
77	V	77	61
78	G	78	62
79	T	79	63
80	V	80	64
81	G	81	65
82	N	82	66
83	S	83	67
84	V	84	68
85	T	85	69
86	A	86	70
87	F	87	71
88	T	88	72
89	L	89	73
90	A	90	74
100	S	100	84
101	T	101	85
102	V	102	86
103	H	103	87
104	Y	104	88
105	H	105	89
106	L	106	90
107	G	107	91
108	S	108	92
109	L	109	93
110	A	110	94
111	L	111	95
112	S	112	96
113	D	113	97
114	L	114	98
115	L	115	99
116	I	116	100
117	L	117	101
118	L	118	102
119	L	119	103
120	A	120	104
121	M	121	105
122	P	122	106
123	V	123	107
124	E	124	108
125	L	125	109
126	Y	126	110
127	N	127	111
128	F	128	112
129	I	129	113
130	W	130	114
131	V	131	115
132	H	132	116
133	H	133	117
134	P	134	118
135	W	135	119
136	A	136	120
137	F	137	121
138	G	138	122
139	D	139	123
140	A	140	124
141	G	141	125
142	C	142	126
143	R	143	127
144	G	144	128
145	Y	145	129
146	Y	146	130
147	F	147	131
148	L	148	132
149	R	149	133
150	D	150	134
151	A	151	135
152	C	152	136
153	T	153	137
154	Y	154	138
155	A	155	139
156	T	156	140
157	A	157	141
158	L	158	142
159	N	159	143
160	V	160	144
161	A	161	145
162	S	162	146
163	L	163	147
164	S	164	148
165	V	165	149
166	E	166	150
167	R	167	151
168	Y	168	152
169	L	169	153
170	A	170	154
171	I	171	155
172	C	172	156
173	H	173	157
174	P	174	158
175	F	175	159
176	K	176	160
177	A	177	161
178	K	178	162
179	T	179	163
180	L	180	164
181	M	181	165
182	S	182	166
183	R	183	167
184	S	184	168
185	R	185	169
186	T	186	170
187	K	187	171
188	K	188	172
189	F	189	173
190	I	190	174
191	S	191	175
192	A	192	176
193	I	193	177
194	W	194	178
195	L	195	179
196	A	196	180
197	S	197	181
198	A	198	182
199	L	199	183
200	L	200	184
201	A	201	185
202	I	202	186
203	P	203	187
204	M	204	188
205	L	205	189
206	F	206	190
207	T	207	191
208	M	208	192
209	G	209	193
210	L	210	194
211	Q	211	195
212	N	212	196
213	R	213	197
214	S	214	198
215	G	215	199
216	D	216	200
217	G	217	201
218	T	218	202
219	H	219	203
220	P	220	204
221	G	221	205
222	G	222	206
223	L	223	207
224	V	224	208
225	C	225	209
226	T	226	210
227	P	227	211
228	I	228	212
229	V	229	213
230	D	230	214
231	T	231	215
232	A	232	216
233	T	233	217
234	V	234	218
235	K	235	219
236	V	236	220
237	V	237	221
238	I	238	222
239	Q	239	223
240	V	240	224
241	N	241	225
242	T	242	226
243	F	243	227
244	M	244	228
245	S	245	229
246	F	246	230
247	L	247	231
248	F	248	232
249	P	249	233
250	M	250	234
251	L	251	235
252	V	252	236
253	I	253	237
254	S	254	238
255	I	255	239
256	L	256	240
257	N	257	241
258	T	258	242
259	V	259	243
260	I	260	244
261	A	261	245
262	N	262	246
263	K	263	247
264	L	264	248
265	T	265	249
266	V	266	250
267	M	267	251
301	Q	301	285
302	A	302	286
303	L	303	287
304	R	304	288
305	H	305	289
306	G	306	290
307	V	307	291
308	L	308	292
309	V	309	293
310	L	310	294
311	R	311	295
312	A	312	296
313	V	313	297
314	V	314	298
315	I	315	299
316	A	316	300
317	F	317	301
318	V	318	302
319	V	319	303
320	C	320	304
321	W	321	305
322	L	322	306
323	P	323	307
324	Y	324	308
325	H	325	309
326	V	326	310
327	R	327	311
328	R	328	312
329	L	329	313
330	M	330	314
331	F	331	315
332	C	332	316
333	Y	333	317
334	I	334	318
335	S	335	319
336	D	336	320
337	E	337	321
338	Q	338	322
339	W	339	323
340	T	340	324
341	T	341	325
342	F	342	326
343	L	343	327
344	F	344	328
345	D	345	329
346	F	346	330
347	Y	347	331
348	H	348	332
349	Y	349	333
350	F	350	334
351	Y	351	335
352	M	352	336
353	L	353	337
354	T	354	338
355	N	355	339
356	A	356	340
357	L	357	341
358	F	358	342
359	Y	359	343
360	V	360	344
361	S	361	345
362	S	362	346
363	A	363	347
364	I	364	348
365	N	365	349
366	P	366	350
367	I	367	351
368	L	368	352
369	Y	369	353
370	N	370	354
371	L	371	355
