UNIPROT_SEQ_NUM	UNIPROT	PDBResNumAuthor	PDBResNumCIF
1	A	120	120
2	E	121	121
3	T	122	122
4	T	123	123
5	A	124	124
6	P	125	125
7	S	126	126
8	V	127	127
9	Y	128	128
10	P	129	129
11	L	130	130
12	A	131	131
13	P	132	132
14	G	133	133
15	T	134	134
16	A	135	135
17	L	136	136
18	K	137	137
19	S	138	138
20	N	139	139
21	S	140	140
22	M	141	141
23	V	142	142
24	T	143	143
25	L	144	144
26	G	145	145
27	C	146	146
28	L	147	147
29	V	148	148
30	K	149	149
31	G	150	150
32	Y	151	151
33	F	152	152
34	P	153	153
35	E	154	154
36	P	155	155
37	V	156	156
38	T	157	157
39	V	158	158
40	T	159	159
41	W	160	160
42	N	161	161
43	S	162	162
44	G	163	163
45	A	164	164
46	L	165	165
47	S	166	166
48	S	167	167
49	G	168	168
50	V	169	169
51	H	170	170
52	T	171	171
53	F	172	172
54	P	173	173
55	A	174	174
56	V	175	175
57	L	176	176
58	Q	177	177
59	S	178	178
60	G	179	179
61	L	180	180
62	Y	181	181
63	T	182	182
64	L	183	183
65	T	184	184
66	S	185	185
67	S	186	186
68	V	187	187
69	T	188	188
70	V	189	189
71	P	190	190
72	S	191	191
73	S	192	192
74	T	193	193
75	W	194	194
76	P	195	195
77	S	196	196
78	Q	197	197
79	T	198	198
80	V	199	199
81	T	200	200
82	C	201	201
83	N	202	202
84	V	203	203
85	A	204	204
86	H	205	205
87	P	206	206
88	A	207	207
89	S	208	208
90	S	209	209
91	T	210	210
92	K	211	211
93	V	212	212
94	D	213	213
95	K	214	214
96	K	215	215
97	I	216	216
98	V	217	217
99	P	218	218
100	R	219	219
