UNIPROT_SEQ_NUM	UNIPROT	PDBResNumAuthor	PDBResNumCIF
3	T	109	119
4	T	110	120
5	A	111	121
6	P	112	122
7	S	113	123
8	V	114	124
9	Y	115	125
10	P	116	126
11	L	117	127
12	A	118	128
13	P	119	129
14	G	120	130
15	T	121	131
16	A	122	132
17	L	123	133
18	K	124	134
19	S	125	135
20	N	126	136
21	S	127	137
22	M	128	138
23	V	129	139
24	T	130	140
25	L	131	141
26	G	132	142
27	C	133	143
28	L	134	144
29	V	135	145
30	K	136	146
31	G	137	147
32	Y	138	148
33	F	139	149
34	P	140	150
35	E	141	151
36	P	142	152
37	V	143	153
38	T	144	154
39	V	145	155
40	T	146	156
41	W	147	157
42	N	148	158
43	S	149	159
44	G	150	160
45	A	151	161
46	L	152	162
47	S	153	163
48	S	154	164
49	G	155	165
50	V	156	166
51	H	157	167
52	T	158	168
53	F	159	169
54	P	160	170
55	A	161	171
56	V	162	172
57	L	163	173
58	Q	164	174
59	S	165	175
60	G	166	176
61	L	167	177
62	Y	168	178
63	T	169	179
64	L	170	180
65	T	171	181
66	S	172	182
67	S	173	183
68	V	174	184
69	T	175	185
70	V	176	186
71	P	177	187
72	S	178	188
73	S	179	189
74	T	180	190
75	W	181	191
76	S	182	192
77	S	183	193
78	Q	184	194
79	A	185	195
80	V	186	196
81	T	187	197
82	C	188	198
83	N	189	199
84	V	190	200
85	A	191	201
86	H	192	202
87	P	193	203
88	A	194	204
89	S	195	205
90	S	196	206
91	T	197	207
92	K	198	208
93	V	199	209
94	D	200	210
95	K	201	211
96	K	202	212
97	I	203	213
98	V	204	214
99	P	205	215
100	R	206	216
101	E	207	217
102	C	208	218
