UNIPROT_SEQ_NUM	UNIPROT	PDBResNumAuthor	PDBResNumCIF
2	S	2	2
3	H	3	3
4	R	4	4
5	K	5	5
6	F	6	6
7	S	7	7
8	A	8	8
9	P	9	9
10	R	10	10
11	H	11	11
12	G	12	12
13	S	13	13
14	L	14	14
15	G	15	15
16	F	16	16
17	L	17	17
18	P	18	18
19	R	19	19
20	K	20	20
21	R	21	21
22	S	22	22
23	S	23	23
24	R	24	24
25	H	25	25
26	R	26	26
27	G	27	27
28	K	28	28
29	V	29	29
30	K	30	30
31	S	31	31
32	F	32	32
33	P	33	33
34	K	34	34
35	D	35	35
36	D	36	36
37	P	37	37
38	S	38	38
39	K	39	39
40	P	40	40
41	V	41	41
42	H	42	42
43	L	43	43
44	T	44	44
45	A	45	45
46	F	46	46
47	L	47	47
48	G	48	48
49	Y	49	49
50	K	50	50
51	A	51	51
52	G	52	52
53	M	53	53
54	T	54	54
55	H	55	55
56	I	56	56
57	V	57	57
58	R	58	58
59	E	59	59
60	V	60	60
61	D	61	61
62	R	62	62
63	P	63	63
64	G	64	64
65	S	65	65
66	K	66	66
67	V	67	67
68	N	68	68
69	K	69	69
70	K	70	70
71	E	71	71
72	V	72	72
73	V	73	73
74	E	74	74
75	A	75	75
76	V	76	76
77	T	77	77
78	I	78	78
79	V	79	79
80	E	80	80
81	T	81	81
82	P	82	82
83	P	83	83
84	M	84	84
85	V	85	85
86	V	86	86
87	V	87	87
88	G	88	88
89	I	89	89
90	V	90	90
91	G	91	91
92	Y	92	92
93	V	93	93
94	E	94	94
95	T	95	95
96	P	96	96
97	R	97	97
98	G	98	98
99	L	99	99
100	R	100	100
101	T	101	101
102	F	102	102
103	K	103	103
104	T	104	104
105	V	105	105
106	F	106	106
107	A	107	107
108	E	108	108
109	H	109	109
110	I	110	110
111	S	111	111
112	D	112	112
113	E	113	113
114	C	114	114
115	K	115	115
116	R	116	116
117	R	117	117
118	F	118	118
119	Y	119	119
120	K	120	120
121	N	121	121
122	W	122	122
123	H	123	123
124	K	124	124
125	S	125	125
126	K	126	126
127	K	127	127
128	K	128	128
129	A	129	129
130	F	130	130
131	T	131	131
132	K	132	132
133	Y	133	133
134	C	134	134
135	K	135	135
136	K	136	136
137	W	137	137
138	Q	138	138
139	D	139	139
140	D	140	140
141	T	141	141
142	G	142	142
143	K	143	143
144	K	144	144
145	Q	145	145
146	L	146	146
147	E	147	147
148	K	148	148
149	D	149	149
150	F	150	150
151	N	151	151
152	S	152	152
153	M	153	153
154	K	154	154
155	K	155	155
156	Y	156	156
157	C	157	157
158	Q	158	158
159	V	159	159
160	I	160	160
161	R	161	161
162	I	162	162
163	I	163	163
164	A	164	164
165	H	165	165
166	T	166	166
167	Q	167	167
168	M	168	168
169	R	169	169
170	L	170	170
171	L	171	171
172	P	172	172
173	L	173	173
174	R	174	174
175	Q	175	175
176	K	176	176
177	K	177	177
178	A	178	178
179	H	179	179
180	L	180	180
181	M	181	181
182	E	182	182
183	I	183	183
184	Q	184	184
185	V	185	185
186	N	186	186
187	G	187	187
188	G	188	188
189	T	189	189
190	V	190	190
191	A	191	191
192	E	192	192
193	K	193	193
194	L	194	194
195	D	195	195
196	W	196	196
197	A	197	197
198	R	198	198
199	E	199	199
200	R	200	200
201	L	201	201
202	E	202	202
203	Q	203	203
204	Q	204	204
205	V	205	205
206	P	206	206
207	V	207	207
208	N	208	208
209	Q	209	209
210	V	210	210
211	F	211	211
212	G	212	212
213	Q	213	213
214	D	214	214
215	E	215	215
216	M	216	216
217	I	217	217
218	D	218	218
219	V	219	219
220	I	220	220
221	G	221	221
222	V	222	222
223	T	223	223
224	K	224	224
225	G	225	225
226	K	226	226
227	G	227	227
228	Y	228	228
229	K	229	229
230	G	230	230
231	V	231	231
232	T	232	232
233	S	233	233
234	R	234	234
235	W	235	235
236	H	236	236
237	T	237	237
238	K	238	238
239	K	239	239
240	L	240	240
241	P	241	241
242	R	242	242
243	K	243	243
244	T	244	244
245	H	245	245
246	R	246	246
247	G	247	247
248	L	248	248
249	R	249	249
250	K	250	250
251	V	251	251
252	A	252	252
253	C	253	253
254	I	254	254
255	G	255	255
256	A	256	256
257	W	257	257
258	H	258	258
259	P	259	259
260	A	260	260
261	R	261	261
262	V	262	262
263	A	263	263
264	F	264	264
265	S	265	265
266	V	266	266
267	A	267	267
268	R	268	268
269	A	269	269
270	G	270	270
271	Q	271	271
272	K	272	272
273	G	273	273
274	Y	274	274
275	H	275	275
276	H	276	276
277	R	277	277
278	T	278	278
279	E	279	279
280	I	280	280
281	N	281	281
282	K	282	282
283	K	283	283
284	I	284	284
285	Y	285	285
286	K	286	286
287	I	287	287
288	G	288	288
289	Q	289	289
290	G	290	290
291	Y	291	291
292	L	292	292
293	I	293	293
294	K	294	294
295	D	295	295
296	G	296	296
297	K	297	297
298	L	298	298
299	I	299	299
300	K	300	300
301	N	301	301
302	N	302	302
303	A	303	303
304	S	304	304
305	T	305	305
306	D	306	306
307	Y	307	307
308	D	308	308
309	L	309	309
310	S	310	310
311	D	311	311
312	K	312	312
313	S	313	313
314	I	314	314
315	N	315	315
316	P	316	316
317	L	317	317
318	G	318	318
319	G	319	319
320	F	320	320
321	V	321	321
322	H	322	322
323	Y	323	323
324	G	324	324
325	E	325	325
326	V	326	326
327	T	327	327
328	N	328	328
329	D	329	329
330	F	330	330
331	I	331	331
332	M	332	332
333	L	333	333
334	K	334	334
335	G	335	335
336	C	336	336
337	V	337	337
338	V	338	338
339	G	339	339
340	T	340	340
341	K	341	341
342	K	342	342
343	R	343	343
344	V	344	344
345	L	345	345
346	T	346	346
347	L	347	347
348	R	348	348
349	K	349	349
350	S	350	350
351	L	351	351
352	L	352	352
353	V	353	353
354	Q	354	354
355	T	355	355
356	K	356	356
357	R	357	357
358	R	358	358
359	A	359	359
360	L	360	360
361	E	361	361
362	K	362	362
363	I	363	363
364	D	364	364
365	L	365	365
366	K	366	366
367	F	367	367
368	I	368	368
369	D	369	369
370	T	370	370
371	T	371	371
372	S	372	372
373	K	373	373
374	F	374	374
375	G	375	375
376	H	376	376
377	G	377	377
378	R	378	378
379	F	379	379
380	Q	380	380
381	T	381	381
382	M	382	382
383	E	383	383
384	E	384	384
385	K	385	385
386	K	386	386
387	A	387	387
388	F	388	388
389	M	389	389
390	G	390	390
391	P	391	391
392	L	392	392
393	K	393	393
394	K	394	394
395	D	395	395
396	R	396	396
397	I	397	397
398	A	398	398
