UNIPROT_SEQ_NUM	UNIPROT	PDBResNumAuthor	PDBResNumCIF
2	S	2	2
3	R	3	3
4	R	4	4
5	Y	5	5
6	D	6	6
7	S	7	7
8	R	8	8
9	T	9	9
10	T	10	10
11	I	11	11
12	F	12	12
13	S	13	13
14	P	14	14
15	E	15	15
16	G	16	16
17	R	17	17
18	L	18	18
19	Y	19	19
20	Q	20	20
21	V	21	21
22	E	22	22
23	Y	23	23
24	A	24	24
25	M	25	25
26	E	26	26
27	A	27	27
28	I	28	28
29	G	29	29
30	H	30	30
31	A	31	31
32	G	32	32
33	T	33	33
34	C	34	34
35	L	35	35
36	G	36	36
37	I	37	37
38	L	38	38
39	A	39	39
40	N	40	40
41	D	41	41
42	G	42	42
43	V	43	43
44	L	44	44
45	L	45	45
46	A	46	46
47	A	47	47
48	E	48	48
49	R	49	49
50	R	50	50
51	N	51	51
52	I	52	52
53	H	53	53
54	K	54	54
55	L	55	55
56	L	56	56
57	D	57	57
58	E	58	58
59	V	59	59
60	F	60	60
61	F	61	61
62	S	62	62
63	E	63	63
64	K	64	64
65	I	65	65
66	Y	66	66
67	K	67	67
68	L	68	68
69	N	69	69
70	E	70	70
71	D	71	71
72	M	72	72
73	A	73	73
74	C	74	74
75	S	75	75
76	V	76	76
77	A	77	77
78	G	78	78
79	I	79	79
80	T	80	80
81	S	81	81
82	D	82	82
83	A	83	83
84	N	84	84
85	V	85	85
86	L	86	86
87	T	87	87
88	N	88	88
89	E	89	89
90	L	90	90
91	R	91	91
92	L	92	92
93	I	93	93
94	A	94	94
95	Q	95	95
96	R	96	96
97	Y	97	97
98	L	98	98
99	L	99	99
100	Q	100	100
101	Y	101	101
102	Q	102	102
103	E	103	103
104	P	104	104
105	I	105	105
106	P	106	106
107	C	107	107
108	E	108	108
109	Q	109	109
110	L	110	110
111	V	111	111
112	T	112	112
113	A	113	113
114	L	114	114
115	C	115	115
116	D	116	116
117	I	117	117
118	K	118	118
119	Q	119	119
120	A	120	120
121	Y	121	121
122	T	122	122
123	Q	123	123
124	F	124	124
125	G	125	125
126	G	126	126
127	K	127	127
128	R	128	128
129	P	129	129
130	F	130	130
131	G	131	131
132	V	132	132
133	S	133	133
134	L	134	134
135	L	135	135
136	Y	136	136
137	I	137	137
138	G	138	138
139	W	139	139
140	D	140	140
141	K	141	141
142	H	142	142
143	Y	143	143
144	G	144	144
145	F	145	145
146	Q	146	146
147	L	147	147
148	Y	148	148
149	Q	149	149
150	S	150	150
151	D	151	151
152	P	152	152
153	S	153	153
154	G	154	154
155	N	155	155
156	Y	156	156
157	G	157	157
158	G	158	158
159	W	159	159
160	K	160	160
161	A	161	161
162	T	162	162
163	C	163	163
164	I	164	164
165	G	165	165
166	N	166	166
167	N	167	167
168	S	168	168
169	A	169	169
170	A	170	170
171	A	171	171
172	V	172	172
173	S	173	173
174	M	174	174
175	L	175	175
176	K	176	176
177	Q	177	177
178	D	178	178
179	Y	179	179
180	K	180	180
181	E	181	181
182	G	182	182
183	E	183	183
184	M	184	184
185	T	185	185
186	L	186	186
187	K	187	187
188	S	188	188
189	A	189	189
190	L	190	190
191	A	191	191
192	L	192	192
193	A	193	193
194	V	194	194
195	K	195	195
196	V	196	196
197	L	197	197
198	N	198	198
199	K	199	199
200	T	200	200
201	M	201	201
202	D	202	202
203	V	203	203
204	S	204	204
205	K	205	205
206	L	206	206
207	S	207	207
208	A	208	208
209	E	209	209
210	K	210	210
211	V	211	211
212	E	212	212
213	I	213	213
214	A	214	214
215	T	215	215
216	L	216	216
217	T	217	217
218	R	218	218
219	E	219	219
220	N	220	220
221	G	221	221
222	K	222	222
223	T	223	223
224	V	224	224
225	I	225	225
226	R	226	226
227	V	227	227
228	L	228	228
229	K	229	229
230	Q	230	230
231	K	231	231
232	E	232	232
233	V	233	233
234	E	234	234
235	Q	235	235
236	L	236	236
237	I	237	237
238	K	238	238
239	K	239	239
240	H	240	240
241	E	241	241
242	E	242	242
243	E	243	243
244	E	244	244
245	A	245	245
246	K	246	246
247	A	247	247
248	E	248	248
