UNIPROT_SEQ_NUM	UNIPROT	PDBResNumAuthor	PDBResNumCIF
143	G	143	4
144	K	144	5
145	L	145	6
146	Q	146	7
147	Y	147	8
148	S	148	9
149	L	149	10
150	D	150	11
151	Y	151	12
152	D	152	13
153	F	153	14
154	Q	154	15
155	N	155	16
156	N	156	17
157	Q	157	18
158	L	158	19
159	L	159	20
160	V	160	21
161	G	161	22
162	I	162	23
163	I	163	24
164	Q	164	25
165	A	165	26
166	A	166	27
167	E	167	28
168	L	168	29
169	P	169	30
176	T	176	37
177	S	177	38
178	D	178	39
179	P	179	40
180	Y	180	41
181	V	181	42
182	K	182	43
183	V	183	44
184	F	184	45
185	L	185	46
186	L	186	47
187	P	187	48
191	K	191	52
192	K	192	53
193	F	193	54
194	E	194	55
195	T	195	56
196	K	196	57
197	V	197	58
198	H	198	59
199	R	199	60
200	K	200	61
201	T	201	62
202	L	202	63
203	N	203	64
204	P	204	65
205	V	205	66
206	F	206	67
207	N	207	68
208	E	208	69
209	Q	209	70
210	F	210	71
211	T	211	72
212	F	212	73
213	K	213	74
214	V	214	75
215	P	215	76
216	Y	216	77
217	S	217	78
218	E	218	79
219	L	219	80
220	G	220	81
221	G	221	82
222	K	222	83
223	T	223	84
224	L	224	85
225	V	225	86
226	M	226	87
227	A	227	88
228	V	228	89
229	Y	229	90
230	D	230	91
231	F	231	92
232	D	232	93
239	I	239	100
240	I	240	101
241	G	241	102
242	E	242	103
243	F	243	104
244	K	244	105
245	V	245	106
246	P	246	107
247	M	247	108
248	N	248	109
249	T	249	110
250	V	250	111
251	D	251	112
252	F	252	113
253	G	253	114
254	H	254	115
255	V	255	116
256	T	256	117
257	E	257	118
258	E	258	119
259	W	259	120
260	R	260	121
261	D	261	122
262	L	262	123
263	Q	263	124
264	S	264	125
265	A	265	126
266	E	266	127
267	K	267	128
268	E	268	129
269	E	269	130
270	Q	270	131
271	E	271	132
272	K	272	133
273	L	273	134
274	G	274	135
275	D	275	136
276	I	276	137
277	C	277	138
278	F	278	139
279	S	279	140
280	L	280	141
281	R	281	142
282	Y	282	143
283	V	283	144
284	P	284	145
285	T	285	146
286	A	286	147
287	G	287	148
288	K	288	149
289	L	289	150
290	T	290	151
291	V	291	152
292	V	292	153
293	I	293	154
294	L	294	155
295	E	295	156
296	A	296	157
297	K	297	158
298	N	298	159
299	L	299	160
300	K	300	161
301	K	301	162
302	M	302	163
303	D	303	164
304	V	304	165
305	G	305	166
306	G	306	167
307	L	307	168
308	S	308	169
309	D	309	170
310	P	310	171
311	Y	311	172
312	V	312	173
313	K	313	174
314	I	314	175
315	H	315	176
316	L	316	177
317	M	317	178
318	Q	318	179
319	N	319	180
320	G	320	181
321	K	321	182
322	R	322	183
323	L	323	184
324	K	324	185
325	K	325	186
326	K	326	187
327	K	327	188
328	T	328	189
329	T	329	190
330	I	330	191
331	K	331	192
332	K	332	193
333	N	333	194
334	T	334	195
335	L	335	196
336	N	336	197
337	P	337	198
338	Y	338	199
339	Y	339	200
340	N	340	201
341	E	341	202
342	S	342	203
343	F	343	204
344	S	344	205
345	F	345	206
346	E	346	207
347	V	347	208
348	P	348	209
349	F	349	210
350	E	350	211
351	Q	351	212
352	I	352	213
353	Q	353	214
354	K	354	215
355	V	355	216
356	Q	356	217
357	V	357	218
358	V	358	219
359	V	359	220
360	T	360	221
361	V	361	222
362	L	362	223
363	D	363	224
364	Y	364	225
365	D	365	226
366	K	366	227
367	I	367	228
368	G	368	229
369	K	369	230
370	N	370	231
371	D	371	232
372	A	372	233
373	I	373	234
374	G	374	235
375	K	375	236
376	V	376	237
377	F	377	238
378	V	378	239
379	G	379	240
380	Y	380	241
381	N	381	242
382	S	382	243
383	T	383	244
384	G	384	245
385	A	385	246
386	E	386	247
387	L	387	248
388	R	388	249
389	H	389	250
390	W	390	251
391	S	391	252
392	D	392	253
393	M	393	254
394	L	394	255
395	A	395	256
396	N	396	257
397	P	397	258
398	R	398	259
399	R	399	260
400	P	400	261
401	I	401	262
402	A	402	263
403	Q	403	264
404	W	404	265
405	H	405	266
406	T	406	267
407	L	407	268
408	Q	408	269
409	V	409	270
410	E	410	271
411	E	411	272
412	E	412	273
413	V	413	274
414	D	414	275
415	A	415	276
416	M	416	277
417	L	417	278
418	A	418	279
