UNIPROT_SEQ_NUM	UNIPROT	PDBResNumAuthor	PDBResNumCIF
48	R	48	37
49	P	49	38
50	R	50	39
51	S	51	40
52	E	52	41
53	E	53	42
54	D	54	43
55	N	55	44
56	E	56	45
57	L	57	46
58	N	58	47
59	L	59	48
60	P	60	49
61	N	61	50
62	L	62	51
63	A	63	52
64	A	64	53
65	A	65	54
66	Y	66	55
67	S	67	56
68	S	68	57
69	I	69	58
70	L	70	59
71	R	71	60
72	S	72	61
73	L	73	62
74	G	74	63
75	E	75	64
76	D	76	65
77	P	77	66
78	Q	78	67
79	R	79	68
80	Q	80	69
81	G	81	70
82	L	82	71
83	L	83	72
84	K	84	73
85	T	85	74
86	P	86	75
87	W	87	76
88	R	88	77
89	A	89	78
90	A	90	79
91	T	91	80
92	A	92	81
93	M	93	82
94	Q	94	83
95	F	95	84
96	F	96	85
97	T	97	86
98	K	98	87
99	G	99	88
100	Y	100	89
101	Q	101	90
102	E	102	91
103	T	103	92
104	I	104	93
105	S	105	94
106	D	106	95
107	V	107	96
108	L	108	97
109	N	109	98
110	D	110	99
111	A	111	100
112	I	112	101
113	F	113	102
114	D	114	103
115	E	115	104
116	D	116	105
117	H	117	106
118	D	118	107
119	E	119	108
120	M	120	109
121	V	121	110
122	I	122	111
123	V	123	112
124	K	124	113
125	D	125	114
126	I	126	115
127	D	127	116
128	M	128	117
129	F	129	118
130	S	130	119
131	M	131	120
132	C	132	121
133	E	133	122
134	H	134	123
135	H	135	124
136	L	136	125
137	V	137	126
138	P	138	127
139	F	139	128
140	V	140	129
141	G	141	130
142	R	142	131
143	V	143	132
144	H	144	133
145	I	145	134
146	G	146	135
147	Y	147	136
148	L	148	137
149	P	149	138
150	N	150	139
151	K	151	140
152	Q	152	141
153	V	153	142
154	L	154	143
155	G	155	144
156	L	156	145
157	S	157	146
158	K	158	147
159	L	159	148
160	A	160	149
161	R	161	150
162	I	162	151
163	V	163	152
164	E	164	153
165	I	165	154
166	Y	166	155
167	S	167	156
168	R	168	157
169	R	169	158
170	L	170	159
171	Q	171	160
172	V	172	161
173	Q	173	162
174	E	174	163
175	R	175	164
176	L	176	165
177	T	177	166
178	K	178	167
179	Q	179	168
180	I	180	169
181	A	181	170
182	V	182	171
183	A	183	172
184	I	184	173
185	T	185	174
186	E	186	175
187	A	187	176
188	L	188	177
189	Q	189	178
190	P	190	179
191	A	191	180
192	G	192	181
193	V	193	182
194	G	194	183
195	V	195	184
196	V	196	185
197	I	197	186
198	E	198	187
199	A	199	188
200	T	200	189
201	H	201	190
202	M	202	191
203	C	203	192
204	M	204	193
205	V	205	194
206	M	206	195
207	R	207	196
208	G	208	197
211	K	211	200
212	M	212	201
213	N	213	202
214	S	214	203
215	K	215	204
216	T	216	205
217	V	217	206
218	T	218	207
219	S	219	208
220	T	220	209
221	M	221	210
222	L	222	211
223	G	223	212
224	V	224	213
225	F	225	214
226	R	226	215
227	E	227	216
228	D	228	217
229	P	229	218
230	K	230	219
231	T	231	220
232	R	232	221
233	E	233	222
234	E	234	223
235	F	235	224
236	L	236	225
237	T	237	226
238	L	238	227
239	I	239	228
240	R	240	229
241	S	241	230
