UNIPROT_SEQ_NUM	UNIPROT	PDBResNumAuthor	PDBResNumCIF
1759	L	1759	2
1760	E	1760	3
1761	T	1761	4
1762	L	1762	5
1763	A	1763	6
1764	F	1764	7
1765	D	1765	8
1766	G	1766	9
1767	R	1767	10
1768	T	1768	11
1769	Y	1769	12
1770	I	1770	13
1771	E	1771	14
1772	Y	1772	15
1773	L	1773	16
1774	N	1774	17
1775	A	1775	18
1776	V	1776	19
1777	I	1777	20
1778	E	1778	21
1779	S	1779	22
1780	E	1780	23
1781	L	1781	24
1782	T	1782	25
1783	N	1783	26
1784	E	1784	27
1785	I	1785	28
1786	P	1786	29
1787	A	1787	30
1799	E	1788	31
1800	K	1789	32
1801	A	1790	33
1802	L	1791	34
1803	Q	1792	35
1804	S	1793	36
1805	N	1794	37
1806	H	1795	38
1807	F	1796	39
1808	E	1797	40
1809	L	1798	41
1810	S	1799	42
1811	L	1800	43
1812	R	1801	44
1813	T	1802	45
1814	E	1803	46
1815	A	1804	47
1816	T	1805	48
1817	Q	1806	49
1818	G	1807	50
1819	L	1808	51
1820	V	1809	52
1821	L	1810	53
1822	W	1811	54
1823	I	1812	55
1824	G	1813	56
1825	K	1814	57
1826	A	1815	58
1827	A	1816	59
1828	E	1817	60
1829	R	1818	61
1830	A	1819	62
1831	D	1820	63
1832	Y	1821	64
1833	M	1822	65
1834	A	1823	66
1835	L	1824	67
1836	A	1825	68
1837	I	1826	69
1838	V	1827	70
1839	D	1828	71
1840	G	1829	72
1841	H	1830	73
1842	L	1831	74
1843	Q	1832	75
1844	L	1833	76
1845	S	1834	77
1846	Y	1835	78
1847	D	1836	79
1848	L	1837	80
1849	G	1838	81
1850	S	1839	82
1851	Q	1840	83
1852	P	1841	84
1853	V	1842	85
1854	V	1843	86
1855	L	1844	87
1856	R	1845	88
1857	S	1846	89
1858	T	1847	90
1859	V	1848	91
1860	K	1849	92
1861	V	1850	93
1862	N	1851	94
1863	T	1852	95
1864	N	1853	96
1865	R	1854	97
1866	W	1855	98
1867	L	1856	99
1868	R	1857	100
1869	I	1858	101
1870	R	1859	102
1871	A	1860	103
1872	H	1861	104
1873	R	1862	105
1874	E	1863	106
1875	H	1864	107
1876	R	1865	108
1877	E	1866	109
1878	G	1867	110
1879	S	1868	111
1880	L	1869	112
1881	Q	1870	113
1882	V	1871	114
1883	G	1872	115
1884	N	1873	116
1885	E	1874	117
1886	A	1875	118
1887	P	1876	119
1888	V	1877	120
1889	T	1878	121
1890	G	1879	122
1891	S	1880	123
1892	S	1881	124
1893	P	1882	125
1894	L	1883	126
1895	G	1884	127
1896	A	1885	128
1897	T	1886	129
1898	Q	1887	130
1899	L	1888	131
1900	D	1889	132
1901	T	1890	133
1902	D	1891	134
1903	G	1892	135
1904	A	1893	136
1905	L	1894	137
1906	W	1895	138
1907	L	1896	139
1908	G	1897	140
1909	G	1898	141
1910	L	1899	142
1911	Q	1900	143
1912	K	1901	144
1913	L	1902	145
1914	P	1903	146
1915	V	1904	147
1916	G	1905	148
1917	Q	1906	149
1918	A	1907	150
1919	L	1908	151
1920	P	1909	152
1921	K	1910	153
1922	A	1911	154
1923	Y	1912	155
1924	G	1913	156
1925	T	1914	157
1926	G	1915	158
1927	F	1916	159
1928	V	1917	160
1929	G	1918	161
1930	C	1919	162
1931	L	1920	163
1932	R	1921	164
1933	D	1922	165
1934	V	1923	166
1935	V	1924	167
1936	V	1925	168
1937	G	1926	169
1938	H	1927	170
1939	R	1928	171
1940	Q	1929	172
1941	L	1930	173
1942	H	1931	174
1943	L	1932	175
1944	L	1933	176
1945	E	1934	177
1946	D	1935	178
1947	A	1936	179
1948	V	1937	180
1949	T	1938	181
1950	K	1939	182
1951	P	1940	183
1952	E	1941	184
1953	L	1942	185
1954	R	1943	186
1955	P	1944	187
1956	C	1945	188
1957	P	1946	189
1958	T	1947	190
1959	P	1948	191
