UNIPROT_SEQ_NUM	UNIPROT	PDBResNumAuthor	PDBResNumCIF
2	A	2	2
3	K	3	3
4	S	4	4
5	K	5	5
6	N	6	6
7	H	7	7
8	T	8	8
9	T	9	9
10	H	10	10
11	N	11	11
12	Q	12	12
13	S	13	13
14	R	14	14
15	K	15	15
16	W	16	16
17	H	17	17
18	R	18	18
19	N	19	19
20	G	20	20
21	I	21	21
22	K	22	22
23	K	23	23
24	P	24	24
25	R	25	25
26	S	26	26
27	Q	27	27
28	R	28	28
29	Y	29	29
30	E	30	30
31	S	31	31
32	L	32	32
33	K	33	33
34	G	34	34
35	V	35	35
36	D	36	36
37	P	37	37
38	K	38	38
39	F	39	39
40	L	40	40
41	R	41	41
42	N	42	42
43	M	43	43
44	R	44	44
45	F	45	45
46	A	46	46
47	K	47	47
48	K	48	48
49	H	49	49
50	N	50	50
51	K	51	51
52	K	52	52
53	G	53	53
54	L	54	54
55	K	55	55
56	K	56	56
57	M	57	57
58	Q	58	58
59	A	59	59
60	N	60	60
61	N	61	61
62	A	62	62
63	K	63	63
64	A	64	64
65	V	65	65
66	S	66	66
67	A	67	67
68	R	68	68
69	A	69	69
91	R	91	91
92	K	92	92
93	L	93	93
94	S	94	94
95	R	95	95
96	L	96	96
97	A	97	97
98	F	98	98
99	I	99	99
100	A	100	100
101	H	101	101
102	P	102	102
103	K	103	103
104	L	104	104
105	G	105	105
106	K	106	106
107	K	107	107
108	I	108	108
109	R	109	109
110	S	110	110
111	Y	111	111
112	M	112	112
113	A	113	113
114	K	114	114
115	G	115	115
116	R	116	116
117	R	117	117
