UNIPROT_SEQ_NUM	UNIPROT	PDBResNumAuthor	PDBResNumCIF
571	E	571	2
572	L	572	3
573	D	573	4
574	D	574	5
575	A	575	6
576	L	576	7
577	D	577	8
578	E	578	9
579	L	579	10
580	S	580	11
581	D	581	12
582	S	582	13
583	L	583	14
584	G	584	15
585	Q	585	16
586	R	586	17
587	Q	587	18
588	P	588	19
595	P	595	26
596	L	596	27
597	D	597	28
598	D	598	29
599	K	599	30
600	V	600	31
601	K	601	32
602	E	602	33
603	K	603	34
604	I	604	35
605	K	605	36
606	A	606	37
607	E	607	38
608	H	608	39
609	S	609	40
610	E	610	41
611	K	611	42
612	L	612	43
613	G	613	44
614	E	614	45
615	R	615	46
616	D	616	47
617	D	617	48
618	T	618	49
619	I	619	50
620	P	620	51
621	P	621	52
622	E	622	53
623	Y	623	54
624	R	624	55
625	H	625	56
626	L	626	57
627	L	627	58
628	D	628	59
629	N	629	60
650	Q	650	81
651	D	651	82
652	P	652	83
653	I	653	84
654	D	654	85
655	A	655	86
656	L	656	87
657	S	657	88
658	E	658	89
659	D	659	90
660	L	660	91
661	D	661	92
