UNIPROT_SEQ_NUM	UNIPROT	PDBResNumAuthor	PDBResNumCIF
54	K	54	54
55	A	55	55
56	E	56	56
57	D	57	57
58	K	58	58
59	E	59	59
60	W	60	60
61	I	61	61
62	P	62	62
63	V	63	63
64	T	64	64
65	K	65	65
66	L	66	66
67	G	67	67
68	R	68	68
69	L	69	69
70	V	70	70
71	K	71	71
72	D	72	72
73	M	73	73
74	K	74	74
75	I	75	75
76	K	76	76
77	S	77	77
78	L	78	78
79	E	79	79
80	E	80	80
81	I	81	81
82	Y	82	82
83	L	83	83
84	F	84	84
85	S	85	85
86	L	86	86
87	P	87	87
88	I	88	88
89	K	89	89
90	E	90	90
91	S	91	91
92	E	92	92
93	I	93	93
94	I	94	94
95	D	95	95
96	F	96	96
97	F	97	97
98	L	98	98
99	G	99	99
100	A	100	100
101	S	101	101
102	L	102	102
103	K	103	103
104	D	104	104
105	E	105	105
106	V	106	106
107	L	107	107
108	K	108	108
109	I	109	109
110	M	110	110
111	P	111	111
112	V	112	112
113	Q	113	113
114	K	114	114
115	Q	115	115
116	T	116	116
117	R	117	117
118	A	118	118
119	G	119	119
120	Q	120	120
121	R	121	121
122	T	122	122
123	R	123	123
124	F	124	124
125	K	125	125
126	A	126	126
127	F	127	127
128	V	128	128
129	A	129	129
130	I	130	130
131	G	131	131
132	D	132	132
133	Y	133	133
134	N	134	134
135	G	135	135
136	H	136	136
137	V	137	137
138	G	138	138
139	L	139	139
140	G	140	140
141	V	141	141
142	K	142	142
143	C	143	143
144	S	144	144
145	K	145	145
146	E	146	146
147	V	147	147
148	A	148	148
149	T	149	149
150	A	150	150
151	I	151	151
152	R	152	152
153	G	153	153
154	A	154	154
155	I	155	155
156	I	156	156
157	L	157	157
158	A	158	158
159	K	159	159
160	L	160	160
161	S	161	161
162	I	162	162
163	V	163	163
164	P	164	164
165	V	165	165
166	R	166	166
167	R	167	167
168	G	168	168
169	Y	169	169
170	W	170	170
171	G	171	171
172	N	172	172
173	K	173	173
174	I	174	174
175	G	175	175
176	K	176	176
177	P	177	177
178	H	178	178
179	T	179	179
180	V	180	180
181	P	181	181
182	C	182	182
183	K	183	183
184	V	184	184
185	T	185	185
186	G	186	186
187	R	187	187
188	C	188	188
189	G	189	189
190	S	190	190
191	V	191	191
192	L	192	192
193	V	193	193
194	R	194	194
195	L	195	195
196	I	196	196
197	P	197	197
198	A	198	198
199	P	199	199
200	R	200	200
201	G	201	201
202	T	202	202
203	G	203	203
204	I	204	204
205	V	205	205
206	S	206	206
207	A	207	207
208	P	208	208
209	V	209	209
210	P	210	210
211	K	211	211
212	K	212	212
213	L	213	213
214	L	214	214
215	M	215	215
216	M	216	216
217	A	217	217
218	G	218	218
219	I	219	219
220	D	220	220
221	D	221	221
222	C	222	222
223	Y	223	223
224	T	224	224
225	S	225	225
226	A	226	226
227	R	227	227
228	G	228	228
229	C	229	229
230	T	230	230
231	A	231	231
232	T	232	232
233	L	233	233
234	G	234	234
235	N	235	235
236	F	236	236
237	A	237	237
238	K	238	238
239	A	239	239
240	T	240	240
241	F	241	241
242	D	242	242
243	A	243	243
244	I	244	244
245	S	245	245
246	K	246	246
247	T	247	247
248	Y	248	248
249	S	249	249
250	Y	250	250
251	L	251	251
252	T	252	252
253	P	253	253
254	D	254	254
255	L	255	255
256	W	256	256
257	K	257	257
258	E	258	258
259	T	259	259
260	V	260	260
261	F	261	261
262	T	262	262
263	K	263	263
264	S	264	264
265	P	265	265
266	Y	266	266
267	Q	267	267
268	E	268	268
269	F	269	269
270	T	270	270
271	D	271	271
272	H	272	272
273	L	273	273
274	V	274	274
275	K	275	275
276	T	276	276
277	H	277	277
278	T	278	278
