UNIPROT_SEQ_NUM	UNIPROT	PDBResNumAuthor	PDBResNumCIF
34	T	1	34
35	T	2	35
36	I	3	36
37	M	4	37
38	A	5	38
39	V	6	39
40	Q	7	40
41	F	8	41
42	D	9	42
43	G	10	43
44	G	11	44
45	V	12	45
46	V	13	46
47	L	14	47
48	G	15	48
49	A	16	49
50	D	17	50
51	S	18	51
52	R	19	52
53	T	20	53
54	T	21	54
55	T	22	55
56	G	23	56
57	S	24	57
58	Y	25	58
59	I	26	59
60	A	27	60
61	N	28	61
62	R	29	62
63	V	30	63
64	T	31	64
65	D	32	65
66	K	33	66
67	L	34	67
68	T	35	68
69	P	36	69
70	I	37	70
71	H	38	71
72	D	39	72
73	H	40	73
74	I	41	74
75	F	42	75
76	C	43	76
77	C	44	77
78	R	45	78
79	S	46	79
80	G	47	80
81	S	48	81
82	A	49	82
83	A	50	83
84	D	51	84
85	T	52	85
86	Q	53	86
87	A	54	87
88	V	55	88
89	A	56	89
90	D	57	90
91	A	58	91
92	V	59	92
93	T	60	93
94	Y	61	94
95	Q	62	95
96	L	63	96
97	G	64	97
98	F	65	98
99	H	66	99
100	S	67	100
101	I	68	101
102	E	69	102
103	L	70	103
104	N	71	104
105	E	72	105
106	P	73	106
107	P	74	107
108	L	75	108
109	V	76	109
110	H	77	110
111	T	78	111
112	A	79	112
113	A	80	113
114	S	81	114
115	L	82	115
116	F	83	116
117	K	84	117
118	E	85	118
119	M	86	119
120	C	87	120
121	Y	88	121
122	R	89	122
123	Y	90	123
124	R	91	124
125	E	92	125
126	D	93	126
127	L	94	127
128	M	95	128
129	A	96	129
130	G	97	130
131	I	98	131
132	I	99	132
133	I	100	133
134	A	101	134
135	G	102	135
136	W	103	136
137	D	104	137
138	P	105	138
139	Q	106	139
140	E	107	140
141	G	108	141
142	G	109	142
143	Q	110	143
144	V	111	144
145	Y	112	145
146	S	113	146
147	V	114	147
148	P	115	148
149	M	116	149
150	G	117	150
151	G	118	151
152	M	119	152
153	M	120	153
154	V	121	154
155	R	122	155
156	Q	123	156
157	S	124	157
158	F	125	158
159	A	126	159
160	I	127	160
161	G	128	161
162	G	129	162
163	S	130	163
164	G	131	164
165	S	132	165
166	S	133	166
167	Y	134	167
168	I	135	168
169	Y	136	169
170	G	137	170
171	Y	138	171
172	V	139	172
173	D	140	173
174	A	141	174
175	T	142	175
176	Y	143	176
177	R	144	177
178	E	145	178
179	G	146	179
180	M	147	180
181	T	148	181
182	K	149	182
183	D	150	183
184	E	151	184
185	C	152	185
186	L	153	186
187	Q	154	187
188	F	155	188
189	T	156	189
190	A	157	190
191	N	158	191
192	A	159	192
193	L	160	193
194	A	161	194
195	L	162	195
196	A	163	196
197	M	164	197
198	E	165	198
199	R	166	199
200	D	167	200
201	G	168	201
202	S	169	202
203	S	170	203
204	G	171	204
205	G	172	205
206	V	173	206
207	I	174	207
208	R	175	208
209	L	176	209
210	A	177	210
211	A	178	211
212	I	179	212
213	Q	180	213
214	Q	181	214
215	S	182	215
216	G	183	216
217	V	184	217
218	E	185	218
219	R	186	219
220	Q	187	220
221	V	188	221
222	L	189	222
223	L	190	223
224	G	191	224
225	D	192	225
226	Q	193	226
227	I	194	227
228	P	195	228
229	K	196	229
230	V	197	230
231	T	198	231
232	I	199	232
233	S	200	233
234	T	201	234
235	L	202	235
