UNIPROT_SEQ_NUM	UNIPROT	PDBResNumAuthor	PDBResNumCIF
60	T	1	60
61	T	2	61
62	T	3	62
63	L	4	63
64	A	5	64
65	F	6	65
66	K	7	66
67	F	8	67
68	Q	9	68
69	H	10	69
70	G	11	70
71	V	12	71
72	I	13	72
73	V	14	73
74	A	15	74
75	A	16	75
76	D	17	76
77	S	18	77
78	R	19	78
79	A	20	79
80	T	21	80
81	A	22	81
82	G	23	82
83	P	24	83
84	Y	25	84
85	I	26	85
86	A	27	86
87	S	28	87
88	Q	29	88
89	T	30	89
90	V	31	90
91	K	32	91
92	K	33	92
93	V	34	93
94	I	35	94
95	E	36	95
96	I	37	96
97	N	38	97
98	P	39	98
99	Y	40	99
100	L	41	100
101	L	42	101
102	G	43	102
103	T	44	103
104	M	45	104
105	A	46	105
106	G	47	106
107	G	48	107
108	A	49	108
109	A	50	109
110	D	51	110
111	C	52	111
112	S	53	112
113	F	54	113
114	W	55	114
115	E	56	115
116	R	57	116
117	L	58	117
118	L	59	118
119	A	60	119
120	R	61	120
121	Q	62	121
122	C	63	122
123	R	64	123
124	I	65	124
125	Y	66	125
126	E	67	126
127	L	68	127
128	R	69	128
129	N	70	129
130	K	71	130
131	E	72	131
132	R	73	132
133	I	74	133
134	S	75	134
135	V	76	135
136	A	77	136
137	A	78	137
138	A	79	138
139	S	80	139
140	K	81	140
141	L	82	141
142	L	83	142
143	A	84	143
144	N	85	144
145	M	86	145
146	V	87	146
147	Y	88	147
148	Q	89	148
149	Y	90	149
150	K	91	150
151	G	92	151
152	M	93	152
153	G	94	153
154	L	95	154
155	S	96	155
156	M	97	156
157	G	98	157
158	T	99	158
159	M	100	159
160	I	101	160
161	C	102	161
162	G	103	162
163	W	104	163
164	D	105	164
165	K	106	165
166	R	107	166
167	G	108	167
168	P	109	168
169	G	110	169
170	L	111	170
171	Y	112	171
172	Y	113	172
173	V	114	173
174	D	115	174
175	S	116	175
176	E	117	176
177	G	118	177
178	N	119	178
179	R	120	179
180	I	121	180
181	S	122	181
182	G	123	182
183	T	124	183
184	A	125	184
185	F	126	185
186	S	127	186
187	V	128	187
188	G	129	188
189	S	130	189
190	G	131	190
191	S	132	191
192	V	133	192
193	Y	134	193
194	A	135	194
195	F	136	195
196	G	137	196
197	V	138	197
198	M	139	198
199	D	140	199
200	R	141	200
201	G	142	201
202	Y	143	202
203	S	144	203
204	Y	145	204
205	D	146	205
206	L	147	206
207	Q	148	207
208	V	149	208
209	E	150	209
210	E	151	210
211	A	152	211
212	Y	153	212
213	D	154	213
214	L	155	214
215	A	156	215
216	R	157	216
217	R	158	217
218	A	159	218
219	I	160	219
220	Y	161	220
221	Q	162	221
222	A	163	222
223	T	164	223
224	Y	165	224
225	R	166	225
226	D	167	226
227	A	168	227
228	Y	169	228
229	S	170	229
230	G	171	230
231	G	172	231
232	A	173	232
233	V	174	233
234	N	175	234
235	L	176	235
236	Y	177	236
237	H	178	237
238	V	179	238
239	R	180	239
240	E	181	240
241	D	182	241
242	G	183	242
243	W	184	243
244	I	185	244
245	R	186	245
246	V	187	246
247	S	188	247
248	S	189	248
249	D	190	249
250	N	191	250
251	V	192	251
252	A	193	252
253	D	194	253
254	L	195	254
255	H	196	255
256	D	197	256
257	K	198	257
258	Y	199	258
259	T	200	259
260	S	201	260
