UNIPROT_SEQ_NUM	UNIPROT	PDBResNumAuthor	PDBResNumCIF
302	L	302	6
303	G	303	7
304	E	304	8
305	E	305	9
306	D	306	10
307	I	307	11
308	P	308	12
309	R	309	13
310	E	310	14
311	P	311	15
312	R	312	16
313	R	313	17
314	I	314	18
315	V	315	19
316	I	316	20
317	H	317	21
318	R	318	22
319	G	319	23
320	S	320	24
321	T	321	25
322	G	322	26
323	L	323	27
324	G	324	28
325	F	325	29
326	N	326	30
327	I	327	31
328	V	328	32
329	G	329	33
330	G	330	34
331	E	331	35
332	D	332	36
333	G	333	37
334	E	334	38
335	G	335	39
336	I	336	40
337	F	337	41
338	I	338	42
339	S	339	43
340	F	340	44
341	I	341	45
342	L	342	46
343	A	343	47
344	G	344	48
345	G	345	49
346	P	346	50
347	A	347	51
348	D	348	52
349	L	349	53
350	S	350	54
351	G	351	55
352	E	352	56
353	L	353	57
354	R	354	58
355	K	355	59
356	G	356	60
357	D	357	61
358	Q	358	62
359	I	359	63
360	L	360	64
361	S	361	65
362	V	362	66
363	N	363	67
364	G	364	68
365	V	365	69
366	D	366	70
367	L	367	71
368	R	368	72
369	N	369	73
370	A	370	74
371	S	371	75
372	H	372	76
373	E	373	77
374	Q	374	78
375	A	375	79
376	A	376	80
377	I	377	81
378	A	378	82
379	L	379	83
380	K	380	84
381	N	381	85
382	A	382	86
383	G	383	87
384	Q	384	88
385	T	385	89
386	V	386	90
387	T	387	91
388	I	388	92
389	I	389	93
390	A	390	94
391	Q	391	95
392	Y	392	96
393	K	393	97
394	P	394	98
395	E	395	99
396	E	396	100
397	Y	397	101
398	S	398	102
399	R	399	103
400	F	400	104
401	E	401	105
402	A	402	106
