UNIPROT_SEQ_NUM	UNIPROT	PDBResNumAuthor	PDBResNumCIF
2	K	2	14
3	D	3	15
4	R	4	16
5	T	5	17
6	Q	6	18
7	E	7	19
8	L	8	20
9	R	9	21
27	D	27	39
28	R	28	40
29	F	29	41
30	M	30	42
31	D	31	43
32	E	32	44
33	F	33	45
34	F	34	46
35	E	35	47
36	Q	36	48
37	V	37	49
38	E	38	50
39	E	39	51
40	I	40	52
41	R	41	53
42	G	42	54
43	F	43	55
44	I	44	56
45	D	45	57
46	K	46	58
47	I	47	59
48	A	48	60
49	E	49	61
50	N	50	62
51	V	51	63
52	E	52	64
53	E	53	65
54	V	54	66
55	K	55	67
56	R	56	68
57	K	57	69
58	H	58	70
59	S	59	71
60	A	60	72
61	I	61	73
62	L	62	74
63	A	63	75
64	S	64	76
65	P	65	77
66	N	66	78
67	P	67	79
68	D	68	80
69	E	69	81
70	K	70	82
71	T	71	83
72	K	72	84
73	E	73	85
74	E	74	86
75	L	75	87
76	E	76	88
77	E	77	89
78	L	78	90
79	M	79	91
80	S	80	92
81	D	81	93
82	I	82	94
83	K	83	95
84	K	84	96
85	T	85	97
86	A	86	98
87	N	87	99
88	K	88	100
89	V	89	101
90	R	90	102
91	S	91	103
92	K	92	104
93	L	93	105
94	K	94	106
95	S	95	107
96	I	96	108
97	E	97	109
98	Q	98	110
99	S	99	111
100	I	100	112
101	E	101	113
102	Q	102	114
103	E	103	115
104	E	104	116
105	G	105	117
106	L	106	118
107	N	107	119
108	R	108	120
109	S	109	121
110	S	110	122
111	A	111	123
112	D	112	124
113	L	113	125
114	R	114	126
115	I	115	127
116	R	116	128
117	K	117	129
118	T	118	130
119	Q	119	131
120	H	120	132
121	S	121	133
122	T	122	134
123	L	123	135
124	S	124	136
125	R	125	137
126	K	126	138
127	F	127	139
128	V	128	140
129	E	129	141
130	V	130	142
131	M	131	143
132	S	132	144
133	E	133	145
134	Y	134	146
135	N	135	147
136	A	136	148
137	T	137	149
138	Q	138	150
139	S	139	151
140	D	140	152
141	Y	141	153
142	R	142	154
143	E	143	155
144	R	144	156
145	C	145	157
146	K	146	158
147	G	147	159
148	R	148	160
149	I	149	161
150	Q	150	162
151	R	151	163
152	Q	152	164
153	L	153	165
154	E	154	166
155	I	155	167
156	T	156	168
157	G	157	169
158	R	158	170
159	T	159	171
160	T	160	172
161	T	161	173
162	S	162	174
163	E	163	175
164	E	164	176
165	L	165	177
166	E	166	178
167	D	167	179
168	M	168	180
169	L	169	181
170	E	170	182
171	S	171	183
172	G	172	184
173	N	173	185
174	P	174	186
175	A	175	187
176	I	176	188
177	F	177	189
178	A	178	190
179	S	179	191
180	G	180	192
181	I	181	193
182	I	182	194
183	M	183	195
184	D	184	196
185	S	185	197
186	S	186	198
187	I	187	199
188	S	188	200
189	K	189	201
190	Q	190	202
191	A	191	203
192	L	192	204
193	S	193	205
194	E	194	206
195	I	195	207
196	E	196	208
197	T	197	209
198	R	198	210
199	H	199	211
200	S	200	212
201	E	201	213
202	I	202	214
203	I	203	215
204	K	204	216
205	L	205	217
206	E	206	218
207	N	207	219
208	S	208	220
209	I	209	221
210	R	210	222
211	E	211	223
212	L	212	224
213	H	213	225
214	D	214	226
215	M	215	227
216	F	216	228
217	M	217	229
218	D	218	230
219	M	219	231
220	A	220	232
221	M	221	233
222	L	222	234
223	V	223	235
224	E	224	236
225	S	225	237
226	Q	226	238
227	G	227	239
228	E	228	240
229	M	229	241
230	I	230	242
231	D	231	243
232	R	232	244
233	I	233	245
234	E	234	246
235	Y	235	247
236	N	236	248
237	V	237	249
238	E	238	250
239	H	239	251
240	A	240	252
241	V	241	253
242	D	242	254
243	Y	243	255
244	V	244	256
245	E	245	257
246	R	246	258
247	A	247	259
248	V	248	260
