UNIPROT_SEQ_NUM	UNIPROT	PDBResNumAuthor	PDBResNumCIF
191	A	191	2
192	L	192	3
193	S	193	4
194	E	194	5
195	I	195	6
196	E	196	7
197	T	197	8
198	R	198	9
199	H	199	10
200	S	200	11
201	E	201	12
202	I	202	13
203	I	203	14
204	K	204	15
205	L	205	16
206	E	206	17
207	N	207	18
208	S	208	19
209	I	209	20
210	R	210	21
211	E	211	22
212	L	212	23
213	H	213	24
214	D	214	25
215	M	215	26
216	F	216	27
217	M	217	28
218	D	218	29
219	M	219	30
220	A	220	31
221	M	221	32
222	L	222	33
223	V	223	34
224	E	224	35
225	S	225	36
226	Q	226	37
227	G	227	38
228	E	228	39
229	M	229	40
230	I	230	41
231	D	231	42
232	R	232	43
233	I	233	44
234	E	234	45
235	Y	235	46
236	N	236	47
237	V	237	48
238	E	238	49
239	H	239	50
240	A	240	51
241	V	241	52
242	D	242	53
243	Y	243	54
244	V	244	55
