UNIPROT_SEQ_NUM	UNIPROT	PDBResNumAuthor	PDBResNumCIF
188	S	188	9
189	K	189	10
190	Q	190	11
191	A	191	12
192	L	192	13
193	S	193	14
194	E	194	15
195	I	195	16
196	E	196	17
197	T	197	18
198	R	198	19
199	H	199	20
200	S	200	21
201	E	201	22
202	I	202	23
203	I	203	24
204	K	204	25
205	L	205	26
206	E	206	27
207	N	207	28
208	S	208	29
209	I	209	30
210	R	210	31
211	E	211	32
212	L	212	33
213	H	213	34
214	D	214	35
215	M	215	36
216	F	216	37
217	M	217	38
218	D	218	39
219	M	219	40
220	A	220	41
221	M	221	42
222	L	222	43
223	V	223	44
224	E	224	45
225	S	225	46
226	Q	226	47
227	G	227	48
228	E	228	49
229	M	229	50
230	I	230	51
231	D	231	52
232	R	232	53
233	I	233	54
234	E	234	55
235	Y	235	56
236	N	236	57
237	V	237	58
238	E	238	59
239	H	239	60
240	A	240	61
241	V	241	62
242	D	242	63
243	Y	243	64
244	V	244	65
245	E	245	66
246	R	246	67
247	A	247	68
248	V	248	69
249	S	249	70
250	D	250	71
251	T	251	72
252	K	252	73
253	K	253	74
254	A	254	75
255	V	255	76
256	K	256	77
257	Y	257	78
258	Q	258	79
259	S	259	80
