UNIPROT_SEQ_NUM	UNIPROT	PDBResNumAuthor	PDBResNumCIF
191	A	191	1
192	L	192	2
193	S	193	3
194	E	194	4
195	I	195	5
196	E	196	6
197	T	197	7
198	R	198	8
199	H	199	9
200	S	200	10
201	E	201	11
202	I	202	12
203	I	203	13
204	K	204	14
205	L	205	15
206	E	206	16
207	N	207	17
208	S	208	18
209	I	209	19
210	R	210	20
211	E	211	21
212	L	212	22
213	H	213	23
214	D	214	24
215	M	215	25
216	F	216	26
217	M	217	27
218	D	218	28
219	M	219	29
220	A	220	30
221	M	221	31
222	L	222	32
223	V	223	33
224	E	224	34
225	S	225	35
226	Q	226	36
227	G	227	37
228	E	228	38
229	M	229	39
230	I	230	40
231	D	231	41
232	R	232	42
233	I	233	43
234	E	234	44
235	Y	235	45
236	N	236	46
237	V	237	47
238	E	238	48
239	H	239	49
240	A	240	50
241	V	241	51
242	D	242	52
243	Y	243	53
244	V	244	54
245	E	245	55
246	R	246	56
247	A	247	57
248	V	248	58
249	S	249	59
250	D	250	60
251	T	251	61
252	K	252	62
253	K	253	63
254	A	254	64
255	V	255	65
256	K	256	66
257	Y	257	67
