UNIPROT_SEQ_NUM	UNIPROT	PDBResNumAuthor	PDBResNumCIF
196	E	196	12
197	T	197	13
198	R	198	14
199	H	199	15
200	S	200	16
201	E	201	17
202	I	202	18
203	I	203	19
204	K	204	20
205	L	205	21
206	E	206	22
207	N	207	23
208	S	208	24
209	I	209	25
210	R	210	26
211	E	211	27
212	L	212	28
213	H	213	29
214	D	214	30
215	M	215	31
216	F	216	32
217	M	217	33
218	D	218	34
219	M	219	35
220	A	220	36
221	M	221	37
222	L	222	38
223	V	223	39
224	E	224	40
225	S	225	41
226	Q	226	42
227	G	227	43
228	E	228	44
229	M	229	45
230	I	230	46
231	D	231	47
232	R	232	48
233	I	233	49
234	E	234	50
235	Y	235	51
236	N	236	52
237	V	237	53
238	E	238	54
239	H	239	55
240	A	240	56
241	V	241	57
242	D	242	58
243	Y	243	59
244	V	244	60
245	E	245	61
246	R	246	62
247	A	247	63
248	V	248	64
249	S	249	65
250	D	250	66
251	T	251	67
252	K	252	68
253	K	253	69
254	A	254	70
255	V	255	71
256	K	256	72
257	Y	257	73
258	Q	258	74
259	S	259	75
