UNIPROT_SEQ_NUM	UNIPROT	PDBResNumAuthor	PDBResNumCIF
9	D	9	9
10	R	10	10
11	G	11	11
12	V	12	12
13	N	13	13
14	T	14	14
15	F	15	15
16	S	16	16
17	P	17	17
18	E	18	18
19	G	19	19
20	R	20	20
21	L	21	21
22	F	22	22
23	Q	23	23
24	V	24	24
25	E	25	25
26	Y	26	26
27	A	27	27
28	I	28	28
29	E	29	29
30	G	30	30
31	H	31	31
32	K	32	32
33	L	33	33
34	G	34	34
35	S	35	35
36	T	36	36
37	A	37	37
38	I	38	38
39	G	39	39
40	I	40	40
41	Q	41	41
42	T	42	42
43	S	43	43
44	E	44	44
45	G	45	45
46	V	46	46
47	C	47	47
48	L	48	48
49	A	49	49
50	V	50	50
51	E	51	51
52	K	52	52
53	R	53	53
54	I	54	54
55	T	55	55
56	S	56	56
57	P	57	57
58	L	58	58
59	M	59	59
60	E	60	60
61	P	61	61
62	S	62	62
63	S	63	63
64	I	64	64
65	E	65	65
66	K	66	66
67	I	67	67
68	V	68	68
69	E	69	69
70	I	70	70
71	D	71	71
72	A	72	72
73	H	73	73
74	I	74	74
75	G	75	75
76	C	76	76
77	A	77	77
78	M	78	78
79	S	79	79
80	G	80	80
81	L	81	81
82	I	82	82
83	A	83	83
84	D	84	84
85	A	85	85
86	K	86	86
87	T	87	87
88	L	88	88
89	I	89	89
90	D	90	90
91	K	91	91
92	A	92	92
93	R	93	93
94	V	94	94
95	E	95	95
96	T	96	96
97	Q	97	97
98	N	98	98
99	H	99	99
100	W	100	100
101	F	101	101
102	T	102	102
103	Y	103	103
104	N	104	104
105	E	105	105
106	T	106	106
107	M	107	107
108	T	108	108
109	V	109	109
110	E	110	110
111	S	111	111
112	V	112	112
113	T	113	113
114	Q	114	114
115	A	115	115
116	V	116	116
117	S	117	117
118	N	118	118
119	L	119	119
120	A	120	120
121	L	121	121
122	Q	122	122
123	F	123	123
124	G	124	124
125	E	125	125
126	E	126	126
127	D	127	127
128	A	128	128
129	D	129	129
130	P	130	130
131	G	131	131
132	A	132	132
133	M	133	133
134	S	134	134
135	R	135	135
136	P	136	136
137	F	137	137
138	G	138	138
139	V	139	139
140	A	140	140
141	L	141	141
142	L	142	142
143	F	143	143
144	G	144	144
145	G	145	145
146	V	146	146
147	D	147	147
148	E	148	148
149	K	149	149
150	G	150	150
151	P	151	151
152	Q	152	152
153	L	153	153
154	F	154	154
155	H	155	155
156	M	156	156
157	D	157	157
158	P	158	158
159	S	159	159
160	G	160	160
161	T	161	161
162	F	162	162
163	V	163	163
164	Q	164	164
165	C	165	165
166	D	166	166
167	A	167	167
168	R	168	168
169	A	169	169
170	I	170	170
171	G	171	171
172	S	172	172
173	A	173	173
174	S	174	174
175	E	175	175
176	G	176	176
177	A	177	177
178	Q	178	178
179	S	179	179
180	S	180	180
181	L	181	181
182	Q	182	182
183	E	183	183
184	V	184	184
185	Y	185	185
186	H	186	186
187	K	187	187
188	S	188	188
189	T	189	189
190	T	190	190
191	L	191	191
192	K	192	192
193	E	193	193
194	A	194	194
195	I	195	195
196	K	196	196
197	S	197	197
198	S	198	198
199	L	199	199
200	I	200	200
201	I	201	201
202	L	202	202
203	K	203	203
204	Q	204	204
205	V	205	205
206	M	206	206
207	E	207	207
208	E	208	208
209	K	209	209
210	L	210	210
211	N	211	211
212	A	212	212
213	T	213	213
214	N	214	214
215	I	215	215
216	E	216	216
217	L	217	217
218	A	218	218
219	T	219	219
220	V	220	220
221	Q	221	221
222	P	222	222
223	G	223	223
224	Q	224	224
225	N	225	225
226	F	226	226
227	H	227	227
228	M	228	228
229	F	229	229
230	T	230	230
231	K	231	231
232	E	232	232
233	E	233	233
234	L	234	234
235	E	235	235
236	E	236	236
237	V	237	237
238	I	238	238
239	K	239	239
240	D	240	240
241	I	241	241
