UNIPROT_SEQ_NUM	UNIPROT	PDBResNumAuthor	PDBResNumCIF
45	T	1	45
46	Q	2	46
47	N	3	47
48	P	4	48
49	M	5	49
50	V	6	50
51	T	7	51
52	G	8	52
53	T	9	53
54	S	10	54
55	V	11	55
56	L	12	56
57	G	13	57
58	V	14	58
59	K	15	59
60	F	16	60
61	D	17	61
62	C	18	62
63	G	19	63
64	V	20	64
65	V	21	65
66	I	22	66
67	A	23	67
68	A	24	68
69	D	25	69
70	M	26	70
71	L	27	71
72	G	28	72
73	S	29	73
74	Y	30	74
75	G	31	75
76	S	32	76
77	L	33	77
78	A	34	78
79	R	35	79
80	F	36	80
81	R	37	81
82	N	38	82
83	I	39	83
84	S	40	84
85	R	41	85
86	I	42	86
87	M	43	87
88	R	44	88
89	V	45	89
90	N	46	90
91	D	47	91
92	S	48	92
93	T	49	93
94	M	50	94
95	L	51	95
96	G	52	96
97	A	53	97
98	S	54	98
99	G	55	99
100	D	56	100
101	Y	57	101
102	A	58	102
103	D	59	103
104	F	60	104
105	Q	61	105
106	Y	62	106
107	L	63	107
108	K	64	108
109	Q	65	109
110	V	66	110
111	L	67	111
112	G	68	112
113	Q	69	113
114	M	70	114
115	V	71	115
116	I	72	116
117	D	73	117
118	E	74	118
119	E	75	119
120	L	76	120
121	F	77	121
122	G	78	122
123	D	79	123
124	G	80	124
125	H	81	125
126	S	82	126
127	Y	83	127
128	S	84	128
129	P	85	129
130	R	86	130
131	A	87	131
132	I	88	132
133	H	89	133
134	S	90	134
135	W	91	135
136	L	92	136
137	T	93	137
138	R	94	138
139	A	95	139
140	M	96	140
141	Y	97	141
142	S	98	142
143	R	99	143
144	R	100	144
145	S	101	145
146	K	102	146
147	M	103	147
148	N	104	148
149	P	105	149
150	L	106	150
151	W	107	151
152	N	108	152
153	T	109	153
154	K	110	154
155	V	111	155
156	I	112	156
157	G	113	157
158	G	114	158
159	Y	115	159
160	A	116	160
161	G	117	161
162	G	118	162
163	E	119	163
164	S	120	164
165	F	121	165
166	L	122	166
167	G	123	167
168	Y	124	168
169	V	125	169
170	D	126	170
171	M	127	171
172	L	128	172
173	G	129	173
174	V	130	174
175	A	131	175
176	Y	132	176
177	E	133	177
178	A	134	178
179	P	135	179
180	S	136	180
181	L	137	181
182	A	138	182
183	T	139	183
184	G	140	184
185	Y	141	185
186	G	142	186
187	A	143	187
188	Y	144	188
189	L	145	189
190	A	146	190
191	Q	147	191
192	P	148	192
193	L	149	193
194	L	150	194
195	R	151	195
196	E	152	196
197	V	153	197
198	L	154	198
199	E	155	199
200	K	156	200
201	Q	157	201
202	P	158	202
203	V	159	203
204	L	160	204
205	S	161	205
206	Q	162	206
207	T	163	207
208	E	164	208
209	A	165	209
210	R	166	210
211	E	167	211
212	L	168	212
213	V	169	213
214	E	170	214
215	R	171	215
216	C	172	216
217	M	173	217
218	R	174	218
219	V	175	219
220	L	176	220
221	Y	177	221
222	Y	178	222
223	R	179	223
224	D	180	224
225	A	181	225
226	R	182	226
227	S	183	227
228	Y	184	228
229	N	185	229
230	R	186	230
231	F	187	231
232	Q	188	232
233	V	189	233
234	A	190	234
235	T	191	235
236	V	192	236
237	T	193	237
238	E	194	238
239	K	195	239
240	G	196	240
241	V	197	241
242	E	198	242
243	I	199	243
244	E	200	244
245	G	201	245
246	P	202	246
247	L	203	247
248	S	204	248
249	A	205	249
250	Q	206	250
251	T	207	251
252	N	208	252
253	W	209	253
254	D	210	254
255	I	211	255
256	A	212	256
