UNIPROT_SEQ_NUM	UNIPROT	PDBResNumAuthor	PDBResNumCIF
4	K	4	4
5	D	5	5
6	I	6	6
7	T	7	7
8	R	8	8
9	R	9	9
10	L	10	10
11	K	11	11
12	S	12	12
13	I	13	13
14	K	14	14
15	N	15	15
16	I	16	16
17	Q	17	17
18	K	18	18
19	I	19	19
20	T	20	20
21	K	21	21
22	S	22	22
23	M	23	23
24	K	24	24
25	M	25	25
26	V	26	26
27	A	27	27
28	A	28	28
29	A	29	29
30	K	30	30
31	Y	31	31
32	A	32	32
33	R	33	33
34	A	34	34
35	E	35	35
36	R	36	36
37	E	37	37
38	L	38	38
39	K	39	39
40	P	40	40
41	A	41	41
42	R	42	42
43	V	43	43
44	Y	44	44
45	G	45	45
46	T	46	46
47	G	47	47
48	S	48	48
77	L	77	77
78	C	78	78
79	G	79	79
80	A	80	80
81	I	81	81
82	H	82	82
83	S	83	83
84	S	84	84
85	V	85	85
86	A	86	86
87	K	87	87
88	Q	88	88
89	M	89	89
90	K	90	90
209	L	209	209
210	A	210	210
211	N	211	211
212	I	212	212
213	I	213	213
214	Y	214	214
215	Y	215	215
216	S	216	216
217	L	217	217
218	K	218	218
219	E	219	219
220	S	220	220
221	T	221	221
222	T	222	222
223	S	223	223
224	E	224	224
225	Q	225	225
226	S	226	226
227	A	227	227
228	R	228	228
229	M	229	229
230	T	230	230
231	A	231	231
232	M	232	232
233	D	233	233
234	N	234	234
235	A	235	235
236	S	236	236
237	K	237	237
238	N	238	238
239	A	239	239
240	S	240	240
241	D	241	241
242	M	242	242
243	I	243	243
244	D	244	244
245	K	245	245
246	L	246	246
247	T	247	247
248	L	248	248
249	T	249	249
250	F	250	250
251	N	251	251
252	R	252	252
253	T	253	253
254	R	254	254
255	Q	255	255
256	A	256	256
257	V	257	257
258	I	258	258
259	T	259	259
260	K	260	260
261	E	261	261
262	L	262	262
263	I	263	263
264	E	264	264
265	I	265	265
266	I	266	266
267	S	267	267
268	G	268	268
269	A	269	269
270	A	270	270
271	A	271	271
272	L	272	272
273	D	273	273
