UNIPROT_SEQ_NUM	UNIPROT	PDBResNumAuthor	PDBResNumCIF
396	T	4	4
397	R	5	5
398	L	6	6
399	K	7	7
400	I	8	8
401	V	9	9
402	T	10	10
403	I	11	11
404	H	12	12
405	Q	13	13
406	E	14	14
407	P	15	15
408	F	16	16
409	V	17	17
410	Y	18	18
411	V	19	19
412	K	20	20
413	P	21	21
414	T	22	22
415	M	23	23
416	S	24	24
417	D	25	25
418	G	26	26
419	T	27	27
420	C	28	28
421	K	29	29
422	E	30	30
423	E	31	31
424	F	32	32
425	T	33	33
426	V	34	34
427	N	35	35
428	G	36	36
429	D	37	37
430	P	38	38
431	V	39	39
432	K	40	40
433	K	41	41
434	V	42	42
435	I	43	43
436	C	44	44
437	T	45	45
438	G	46	46
439	P	47	47
440	N	48	48
450	T	58	58
451	V	59	59
452	P	60	60
453	Q	61	61
454	C	62	62
455	C	63	63
456	Y	64	64
457	G	65	65
458	F	66	66
459	C	67	67
460	I	68	68
461	D	69	69
462	L	70	70
463	L	71	71
464	I	72	72
465	K	73	73
466	L	74	74
467	A	75	75
468	R	76	76
469	T	77	77
470	M	78	78
471	N	79	79
472	F	80	80
473	T	81	81
474	Y	82	82
475	E	83	83
476	V	84	84
477	H	85	85
478	L	86	86
479	V	87	87
480	A	88	88
481	D	89	89
482	G	90	90
483	K	91	91
484	F	92	92
485	G	93	93
486	T	94	94
487	Q	95	95
488	E	96	96
489	R	97	97
490	V	98	98
495	K	103	103
496	K	104	104
497	E	105	105
498	W	106	106
499	N	107	107
500	G	108	108
501	M	109	109
502	M	110	110
503	G	111	111
504	E	112	112
505	L	113	113
506	L	114	114
507	S	115	115
508	G	116	116
509	Q	117	117
510	A	118	118
511	D	119	119
512	M	120	120
513	I	121	121
514	V	122	122
515	A	123	123
516	P	124	124
517	L	125	125
518	T	126	126
519	I	127	127
520	N	128	128
521	N	129	129
522	E	130	130
523	R	131	131
524	A	132	132
525	Q	133	133
526	Y	134	134
527	I	135	135
528	E	136	136
529	F	137	137
530	S	138	138
531	K	139	139
532	P	140	140
533	F	141	141
534	K	142	142
535	Y	143	143
536	Q	144	144
537	G	145	145
538	L	146	146
539	T	147	147
540	I	148	148
541	L	149	149
542	V	150	150
543	K	151	151
544	K	152	152
622	G	153	153
623	A	154	154
663	R	155	155
664	I	156	156
665	T	157	157
666	G	158	158
667	I	159	159
668	N	160	160
669	D	161	161
670	P	162	162
671	R	163	163
672	L	164	164
673	R	165	165
674	N	166	166
675	P	167	167
676	S	168	168
677	D	169	169
678	K	170	170
679	F	171	171
680	I	172	172
681	Y	173	173
682	A	174	174
683	T	175	175
684	V	176	176
685	K	177	177
686	Q	178	178
687	S	179	179
688	S	180	180
689	V	181	181
690	D	182	182
691	I	183	183
692	Y	184	184
693	F	185	185
694	R	186	186
695	R	187	187
696	Q	188	188
697	V	189	189
698	E	190	190
699	L	191	191
700	S	192	192
701	T	193	193
702	M	194	194
703	Y	195	195
704	R	196	196
705	H	197	197
706	M	198	198
707	E	199	199
708	K	200	200
709	H	201	201
710	N	202	202
711	Y	203	203
712	E	204	204
713	S	205	205
714	A	206	206
715	A	207	207
716	E	208	208
717	A	209	209
718	I	210	210
719	Q	211	211
720	A	212	212
721	V	213	213
722	R	214	214
723	D	215	215
724	N	216	216
725	K	217	217
726	L	218	218
727	H	219	219
728	A	220	220
729	F	221	221
730	I	222	222
731	W	223	223
732	D	224	224
733	S	225	225
734	A	226	226
735	V	227	227
736	L	228	228
737	E	229	229
738	F	230	230
739	E	231	231
740	A	232	232
741	S	233	233
742	Q	234	234
743	K	235	235
744	C	236	236
745	D	237	237
746	L	238	238
747	V	239	239
748	T	240	240
749	T	241	241
750	G	242	242
751	E	243	243
752	L	244	244
753	F	245	245
754	F	246	246
755	R	247	247
756	S	248	248
757	G	249	249
758	F	250	250
759	G	251	251
760	I	252	252
761	G	253	253
762	M	254	254
763	R	255	255
764	K	256	256
765	D	257	257
766	S	258	258
767	P	259	259
768	W	260	260
769	K	261	261
770	Q	262	262
771	N	263	263
772	V	264	264
773	S	265	265
774	L	266	266
775	S	267	267
776	I	268	268
777	L	269	269
778	K	270	270
779	S	271	271
780	H	272	272
781	E	273	273
782	N	274	274
783	G	275	275
784	F	276	276
785	M	277	277
786	E	278	278
787	D	279	279
788	L	280	280
789	D	281	281
790	K	282	282
791	T	283	283
792	W	284	284
793	V	285	285
794	R	286	286
795	Y	287	287
