UNIPROT_SEQ_NUM	UNIPROT	PDBResNumAuthor	PDBResNumCIF
2	G	1	1
3	S	2	2
4	E	3	3
5	L	4	4
6	E	5	5
7	T	6	6
8	A	7	7
9	M	8	8
10	E	9	9
11	T	10	10
12	L	11	11
13	I	12	12
14	N	13	13
15	V	14	14
16	F	15	15
17	H	16	16
18	A	17	17
19	H	18	18
20	S	19	19
21	G	20	20
22	K	21	21
23	E	22	22
24	G	23	23
25	D	24	24
26	K	25	25
27	Y	26	26
28	K	27	27
29	L	28	28
30	S	29	29
31	K	30	30
32	K	31	31
33	E	32	32
34	L	33	33
35	K	34	34
36	D	35	35
37	L	36	36
38	L	37	37
39	Q	38	38
40	T	39	39
41	E	40	40
42	L	41	41
43	S	42	42
44	S	43	43
45	F	44	44
46	L	45	45
47	D	46	46
48	V	47	47
49	Q	48	48
50	K	49	49
51	D	50	50
52	A	51	51
53	D	52	52
54	A	53	53
55	V	54	54
56	D	55	55
57	K	56	56
58	I	57	57
59	M	58	58
60	K	59	59
61	E	60	60
62	L	61	61
63	D	62	62
64	E	63	63
65	N	64	64
66	G	65	65
67	D	66	66
68	G	67	67
69	E	68	68
70	V	69	69
71	D	70	70
72	F	71	71
73	Q	72	72
74	E	73	73
75	F	74	74
76	V	75	75
77	V	76	76
78	L	77	77
79	V	78	78
80	A	79	79
81	A	80	80
82	L	81	81
83	T	82	82
84	V	83	83
85	A	84	84
86	C	85	85
87	N	86	86
88	N	87	87
89	F	88	88
90	F	89	89
91	W	90	90
92	E	91	91
93	N	92	92
94	S	93	93
