UNIPROT_SEQ_NUM	UNIPROT	PDBResNumAuthor	PDBResNumCIF
25	K	25	25
26	I	26	26
27	V	27	27
28	N	28	28
29	I	29	29
30	G	30	30
31	A	31	31
32	V	32	32
33	L	33	33
34	S	34	34
35	T	35	35
36	R	36	36
37	K	37	37
38	H	38	38
39	E	39	39
40	Q	40	40
41	M	41	41
42	F	42	42
43	R	43	43
44	E	44	44
45	A	45	45
46	V	46	46
47	N	47	47
48	Q	48	48
49	A	49	49
50	N	50	50
51	K	51	51
52	R	52	52
58	I	58	58
59	Q	59	59
60	L	60	60
61	N	61	61
62	A	62	62
63	T	63	63
64	S	64	64
65	V	65	65
66	T	66	66
67	H	67	67
68	K	68	68
69	P	69	69
70	N	70	70
71	A	71	71
72	I	72	72
73	Q	73	73
74	M	74	74
75	A	75	75
76	L	76	76
77	S	77	77
78	V	78	78
79	C	79	79
80	E	80	80
81	D	81	81
82	L	82	82
83	I	83	83
84	S	84	84
85	S	85	85
86	Q	86	86
87	V	87	87
88	Y	88	88
89	A	89	89
90	I	90	90
91	L	91	91
92	V	92	92
93	S	93	93
94	H	94	94
95	P	95	95
96	P	96	96
97	T	97	97
98	P	98	98
99	N	99	99
100	D	100	100
101	H	101	101
102	F	102	102
103	T	103	103
104	P	104	104
105	T	105	105
106	P	106	106
107	V	107	107
108	S	108	108
109	Y	109	109
110	T	110	110
111	A	111	111
112	G	112	112
113	F	113	113
114	Y	114	114
115	R	115	115
116	I	116	116
117	P	117	117
118	V	118	118
119	L	119	119
120	G	120	120
121	L	121	121
122	T	122	122
123	T	123	123
124	R	124	124
125	M	125	125
126	S	126	126
127	I	127	127
128	Y	128	128
129	S	129	129
130	D	130	130
131	K	131	131
132	S	132	132
133	I	133	133
134	H	134	134
135	L	135	135
136	S	136	136
137	F	137	137
138	L	138	138
139	R	139	139
140	T	140	140
141	V	141	141
142	P	142	142
143	P	143	143
144	Y	144	144
145	S	145	145
146	H	146	146
147	Q	147	147
148	S	148	148
149	S	149	149
150	V	150	150
151	W	151	151
152	F	152	152
153	E	153	153
154	M	154	154
155	M	155	155
156	R	156	156
157	V	157	157
158	Y	158	158
159	N	159	159
160	W	160	160
161	N	161	161
162	H	162	162
163	I	163	163
164	I	164	164
165	L	165	165
166	L	166	166
167	V	167	167
168	S	168	168
169	D	169	169
170	D	170	170
171	H	171	171
172	E	172	172
173	G	173	173
174	R	174	174
175	A	175	175
176	A	176	176
177	Q	177	177
178	K	178	178
179	R	179	179
180	L	180	180
181	E	181	181
182	T	182	182
183	L	183	183
184	L	184	184
185	E	185	185
186	E	186	186
187	R	187	187
188	E	188	188
189	S	189	189
190	K	190	190
191	A	191	191
192	E	192	192
193	K	193	193
194	V	194	194
195	L	195	195
196	Q	196	196
197	F	197	197
198	D	198	198
199	P	199	199
200	G	200	200
201	T	201	201
202	K	202	202
203	N	203	203
204	V	204	204
205	T	205	205
206	A	206	206
207	L	207	207
208	L	208	208
209	M	209	209
210	E	210	210
211	A	211	211
212	R	212	212
213	E	213	213
214	L	214	214
215	E	215	215
216	A	216	216
217	R	217	217
218	V	218	218
219	I	219	219
220	I	220	220
221	L	221	221
222	S	222	222
223	A	223	223
224	S	224	224
225	E	225	225
226	D	226	226
227	D	227	227
228	A	228	228
229	A	229	229
230	T	230	230
231	V	231	231
232	Y	232	232
233	R	233	233
234	A	234	234
235	A	235	235
236	A	236	236
237	M	237	237
238	L	238	238
239	N	239	239
240	M	240	240
241	T	241	241
242	G	242	242
243	S	243	243
244	G	244	244
245	Y	245	245
246	V	246	246
247	W	247	247
248	L	248	248
249	V	249	249
250	G	250	250
251	E	251	251
252	R	252	252
253	E	253	253
254	I	254	254
255	S	255	255
256	G	256	256
257	N	257	257
258	A	258	258
259	L	259	259
260	R	260	260
261	Y	261	261
262	A	262	262
263	P	263	263
264	D	264	264
265	G	265	265
266	I	266	266
267	I	267	267
268	G	268	268
269	L	269	269
270	Q	270	270
271	L	271	271
272	I	272	272
273	N	273	273
274	G	274	274
275	K	275	275
276	N	276	276
277	E	277	277
278	S	278	278
279	A	279	279
280	H	280	280
281	I	281	281
282	S	282	282
283	D	283	283
284	A	284	284
285	V	285	285
286	G	286	286
287	V	287	287
288	V	288	288
289	A	289	289
290	Q	290	290
291	A	291	291
292	V	292	292
293	H	293	293
294	E	294	294
295	L	295	295
296	L	296	296
297	E	297	297
298	K	298	298
299	E	299	299
300	N	300	300
301	I	301	301
302	T	302	302
303	D	303	303
304	P	304	304
305	P	305	305
306	R	306	306
307	G	307	307
308	C	308	308
309	V	309	309
310	G	310	310
311	N	311	311
312	T	312	312
313	N	313	313
314	I	314	314
315	W	315	315
316	K	316	316
317	T	317	317
318	G	318	318
319	P	319	319
320	L	320	320
321	F	321	321
322	K	322	322
323	R	323	323
324	V	324	324
325	L	325	325
326	M	326	326
327	S	327	327
328	S	328	328
329	K	329	329
330	Y	330	330
331	A	331	331
332	D	332	332
333	G	333	333
334	V	334	334
335	T	335	335
336	G	336	336
337	R	337	337
338	V	338	338
339	E	339	339
340	F	340	340
341	N	341	341
342	E	342	342
343	D	343	343
344	G	344	344
345	D	345	345
346	R	346	346
347	K	347	347
348	F	348	348
349	A	349	349
350	N	350	350
351	Y	351	351
352	S	352	352
353	I	353	353
354	M	354	354
355	N	355	355
356	L	356	356
357	Q	357	357
358	N	358	358
359	R	359	359
360	K	360	360
361	L	361	361
362	V	362	362
363	Q	363	363
364	V	364	364
365	G	365	365
366	I	366	366
367	Y	367	367
368	N	368	368
369	G	369	369
370	T	370	370
371	H	371	371
372	V	372	372
373	I	373	373
374	P	374	374
375	N	375	375
376	D	376	376
377	R	377	377
378	K	378	378
379	I	379	379
380	I	380	380
381	W	381	381
382	P	382	382
383	G	383	383
384	G	384	384
385	E	385	385
386	T	386	386
387	E	387	387
388	K	388	388
389	P	389	389
390	R	390	390
391	G	391	391
392	Y	392	392
393	Q	393	393
394	M	394	394
395	S	395	395
396	T	396	396
397	R	397	397
398	L	398	398
399	K	399	399
400	I	400	400
401	V	401	401
402	T	402	402
403	I	403	403
404	H	404	404
405	Q	405	405
406	E	406	406
407	P	407	407
408	F	408	408
409	V	409	409
410	Y	410	410
411	V	411	411
412	K	412	412
413	P	413	413
414	T	414	414
415	M	415	415
416	S	416	416
417	D	417	417
418	G	418	418
419	T	419	419
420	C	420	420
421	K	421	421
422	E	422	422
423	E	423	423
424	F	424	424
425	T	425	425
426	V	426	426
427	N	427	427
428	G	428	428
429	D	429	429
430	P	430	430
431	V	431	431
432	K	432	432
433	K	433	433
434	V	434	434
435	I	435	435
436	C	436	436
437	T	437	437
438	G	438	438
439	P	439	439
440	N	440	440
441	D	441	441
442	T	442	442
443	S	443	443
444	P	444	444
445	G	445	445
446	S	446	446
447	P	447	447
448	R	448	448
449	H	449	449
450	T	450	450
451	V	451	451
452	P	452	452
453	Q	453	453
454	C	454	454
455	C	455	455
456	Y	456	456
457	G	457	457
458	F	458	458
459	C	459	459
460	I	460	460
461	D	461	461
462	L	462	462
463	L	463	463
464	I	464	464
465	K	465	465
466	L	466	466
467	A	467	467
468	R	468	468
469	T	469	469
470	M	470	470
471	N	471	471
472	F	472	472
473	T	473	473
474	Y	474	474
475	E	475	475
476	V	476	476
477	H	477	477
478	L	478	478
479	V	479	479
480	A	480	480
481	D	481	481
482	G	482	482
483	K	483	483
484	F	484	484
485	G	485	485
486	T	486	486
487	Q	487	487
488	E	488	488
489	R	489	489
490	V	490	490
491	N	491	491
492	N	492	492
493	S	493	493
494	N	494	494
495	K	495	495
496	K	496	496
497	E	497	497
498	W	498	498
499	N	499	499
500	G	500	500
501	M	501	501
502	M	502	502
503	G	503	503
504	E	504	504
505	L	505	505
506	L	506	506
507	S	507	507
508	G	508	508
509	Q	509	509
510	A	510	510
511	D	511	511
512	M	512	512
513	I	513	513
514	V	514	514
515	A	515	515
516	P	516	516
517	L	517	517
518	T	518	518
519	I	519	519
520	N	520	520
521	N	521	521
522	E	522	522
523	R	523	523
524	A	524	524
525	Q	525	525
526	Y	526	526
527	I	527	527
528	E	528	528
529	F	529	529
530	S	530	530
531	K	531	531
532	P	532	532
533	F	533	533
534	K	534	534
535	Y	535	535
536	Q	536	536
537	G	537	537
538	L	538	538
539	T	539	539
540	I	540	540
541	L	541	541
542	V	542	542
543	K	543	543
544	K	544	544
545	E	545	545
546	I	546	546
547	P	547	547
548	R	548	548
549	S	549	549
550	T	550	550
551	L	551	551
552	D	552	552
553	S	553	553
554	F	554	554
555	M	555	555
556	Q	556	556
557	P	557	557
558	F	558	558
559	Q	559	559
560	S	560	560
561	T	561	561
562	L	562	562
563	W	563	563
564	L	564	564
565	L	565	565
566	V	566	566
567	G	567	567
568	L	568	568
569	S	569	569
570	V	570	570
571	H	571	571
572	V	572	572
573	V	573	573
574	A	574	574
575	V	575	575
576	M	576	576
577	L	577	577
578	Y	578	578
579	L	579	579
580	L	580	580
581	D	581	581
582	R	582	582
583	F	583	583
584	S	584	584
602	T	602	602
603	L	603	603
604	S	604	604
605	S	605	605
606	A	606	606
607	M	607	607
608	W	608	608
609	F	609	609
610	S	610	610
611	W	611	611
612	G	612	612
613	V	613	613
614	L	614	614
615	L	615	615
616	N	616	616
617	S	617	617
618	G	618	618
619	I	619	619
620	G	620	620
621	E	621	621
622	G	622	622
623	A	623	623
624	P	624	624
625	R	625	625
626	S	626	626
627	F	627	627
628	S	628	628
629	A	629	629
630	R	630	630
631	I	631	631
632	L	632	632
633	G	633	633
634	M	634	634
635	V	635	635
636	W	636	636
637	A	637	637
638	G	638	638
639	F	639	639
640	A	640	640
641	M	641	641
642	I	642	642
643	I	643	643
644	V	644	644
645	A	645	645
646	S	646	646
647	Y	647	647
648	T	648	648
649	A	649	649
650	N	650	650
651	L	651	651
652	A	652	652
653	A	653	653
654	F	654	654
655	L	655	655
656	V	656	656
657	L	657	657
658	D	658	658
659	R	659	659
660	P	660	660
661	E	661	661
662	E	662	662
663	R	663	663
664	I	664	664
665	T	665	665
666	G	666	666
667	I	667	667
668	N	668	668
669	D	669	669
670	P	670	670
671	R	671	671
672	L	672	672
673	R	673	673
674	N	674	674
675	P	675	675
676	S	676	676
677	D	677	677
678	K	678	678
679	F	679	679
680	I	680	680
681	Y	681	681
682	A	682	682
683	T	683	683
684	V	684	684
685	K	685	685
686	Q	686	686
687	S	687	687
688	S	688	688
689	V	689	689
690	D	690	690
691	I	691	691
692	Y	692	692
693	F	693	693
694	R	694	694
695	R	695	695
696	Q	696	696
697	V	697	697
698	E	698	698
699	L	699	699
700	S	700	700
701	T	701	701
702	M	702	702
703	Y	703	703
704	R	704	704
705	H	705	705
706	M	706	706
707	E	707	707
708	K	708	708
709	H	709	709
710	N	710	710
711	Y	711	711
712	E	712	712
713	S	713	713
714	A	714	714
715	A	715	715
716	E	716	716
717	A	717	717
718	I	718	718
719	Q	719	719
720	A	720	720
721	V	721	721
722	R	722	722
723	D	723	723
724	N	724	724
725	K	725	725
726	L	726	726
727	H	727	727
728	A	728	728
729	F	729	729
730	I	730	730
731	W	731	731
732	D	732	732
733	S	733	733
734	A	734	734
735	V	735	735
736	L	736	736
737	E	737	737
738	F	738	738
739	E	739	739
740	A	740	740
741	S	741	741
742	Q	742	742
743	K	743	743
744	C	744	744
745	D	745	745
746	L	746	746
747	V	747	747
748	T	748	748
749	T	749	749
750	G	750	750
751	E	751	751
752	L	752	752
753	F	753	753
754	F	754	754
755	R	755	755
756	S	756	756
757	G	757	757
758	F	758	758
759	G	759	759
760	I	760	760
761	G	761	761
762	M	762	762
763	R	763	763
764	K	764	764
765	D	765	765
766	S	766	766
767	P	767	767
768	W	768	768
769	K	769	769
770	Q	770	770
771	N	771	771
772	V	772	772
773	S	773	773
774	L	774	774
775	S	775	775
776	I	776	776
777	L	777	777
778	K	778	778
779	S	779	779
780	H	780	780
781	E	781	781
782	N	782	782
783	G	783	783
784	F	784	784
785	M	785	785
786	E	786	786
787	D	787	787
788	L	788	788
789	D	789	789
790	K	790	790
791	T	791	791
792	W	792	792
793	V	793	793
794	R	794	794
795	Y	795	795
796	Q	796	796
797	E	797	797
798	C	798	798
799	D	799	799
800	S	800	800
801	R	801	801
802	S	802	802
803	N	803	803
804	A	804	804
805	P	805	805
806	A	806	806
807	T	807	807
808	L	808	808
809	T	809	809
810	F	810	810
811	E	811	811
812	N	812	812
813	M	813	813
814	A	814	814
815	G	815	815
816	V	816	816
817	F	817	817
818	M	818	818
819	L	819	819
820	V	820	820
821	A	821	821
822	G	822	822
823	G	823	823
824	I	824	824
825	V	825	825
826	A	826	826
827	G	827	827
828	I	828	828
829	F	829	829
830	L	830	830
831	I	831	831
832	F	832	832
833	I	833	833
834	E	834	834
835	I	835	835
836	A	836	836
837	Y	837	837
838	K	838	838
839	R	839	839
840	H	840	840
841	K	841	841
