UNIPROT_SEQ_NUM	UNIPROT	PDBResNumAuthor	PDBResNumCIF
2	A	2	2
3	D	3	3
4	N	4	4
5	L	5	5
6	P	6	6
7	S	7	7
8	D	8	8
9	F	9	9
10	D	10	10
11	V	11	11
12	I	12	12
13	V	13	13
14	I	14	14
15	G	15	15
16	T	16	16
17	G	17	17
18	L	18	18
19	P	19	19
20	E	20	20
21	S	21	21
22	I	22	22
23	I	23	23
24	A	24	24
25	A	25	25
26	A	26	26
27	C	27	27
28	S	28	28
29	R	29	29
30	S	30	30
31	G	31	31
32	Q	32	32
33	R	33	33
34	V	34	34
35	L	35	35
36	H	36	36
37	V	37	37
38	D	38	38
39	S	39	39
40	R	40	40
41	S	41	41
42	Y	42	42
43	Y	43	43
44	G	44	44
45	G	45	45
46	N	46	46
47	W	47	47
48	A	48	48
49	S	49	49
50	F	50	50
51	S	51	51
52	F	52	52
53	S	53	53
54	G	54	54
55	L	55	55
56	L	56	56
57	S	57	57
58	W	58	58
59	L	59	59
60	K	60	60
61	E	61	61
62	Y	62	62
63	Q	63	63
64	E	64	64
65	N	65	65
70	T	70	70
71	E	71	71
72	N	72	72
73	S	73	73
74	M	74	74
75	W	75	75
76	Q	76	76
77	E	77	77
78	Q	78	78
79	I	79	79
80	L	80	80
81	E	81	81
82	N	82	82
83	E	83	83
84	E	84	84
85	A	85	85
86	I	86	86
87	P	87	87
88	L	88	88
89	S	89	89
90	S	90	90
91	K	91	91
92	D	92	92
93	K	93	93
94	T	94	94
95	I	95	95
96	Q	96	96
97	H	97	97
98	V	98	98
99	E	99	99
100	V	100	100
101	F	101	101
102	C	102	102
103	Y	103	103
104	A	104	104
105	S	105	105
106	Q	106	106
107	D	107	107
209	K	209	209
210	N	210	210
211	R	211	211
212	I	212	212
213	T	213	213
214	Y	214	214
215	S	215	215
216	Q	216	216
217	I	217	217
218	I	218	218
219	K	219	219
220	E	220	220
221	G	221	221
222	R	222	222
223	R	223	223
224	F	224	224
225	N	225	225
226	I	226	226
227	D	227	227
228	L	228	228
229	V	229	229
230	S	230	230
231	Q	231	231
232	L	232	232
233	L	233	233
234	Y	234	234
235	S	235	235
236	R	236	236
237	G	237	237
238	L	238	238
239	L	239	239
240	I	240	240
241	D	241	241
242	L	242	242
243	L	243	243
244	I	244	244
245	K	245	245
246	S	246	246
247	N	247	247
248	V	248	248
249	S	249	249
250	R	250	250
251	Y	251	251
252	A	252	252
253	E	253	253
254	F	254	254
255	K	255	255
256	N	256	256
257	I	257	257
258	T	258	258
259	R	259	259
260	I	260	260
261	L	261	261
262	A	262	262
263	F	263	263
264	R	264	264
265	E	265	265
266	G	266	266
267	T	267	267
268	V	268	268
269	E	269	269
270	Q	270	270
271	V	271	271
272	P	272	272
273	C	273	273
274	S	274	274
275	R	275	275
276	A	276	276
277	D	277	277
278	V	278	278
279	F	279	279
280	N	280	280
281	S	281	281
282	K	282	282
283	Q	283	283
284	L	284	284
285	T	285	285
286	M	286	286
287	V	287	287
288	E	288	288
289	K	289	289
290	R	290	290
291	M	291	291
292	L	292	292
293	M	293	293
294	K	294	294
295	F	295	295
296	L	296	296
297	T	297	297
298	F	298	298
299	C	299	299
300	V	300	300
301	E	301	301
302	Y	302	302
303	E	303	303
304	E	304	304
305	H	305	305
306	P	306	306
307	D	307	307
308	E	308	308
309	Y	309	309
310	R	310	310
311	A	311	311
312	Y	312	312
313	E	313	313
314	G	314	314
315	T	315	315
316	T	316	316
317	F	317	317
318	S	318	318
319	E	319	319
320	Y	320	320
321	L	321	321
322	K	322	322
323	T	323	323
324	Q	324	324
325	K	325	325
326	L	326	326
327	T	327	327
328	P	328	328
329	N	329	329
330	L	330	330
331	Q	331	331
332	Y	332	332
333	F	333	333
334	V	334	334
335	L	335	335
336	H	336	336
337	S	337	337
338	I	338	338
339	A	339	339
340	M	340	340
341	T	341	341
342	S	342	342
345	T	345	345
346	S	346	346
347	C	347	347
348	T	348	348
349	V	349	349
350	D	350	350
351	G	351	351
352	L	352	352
353	K	353	353
354	A	354	354
355	T	355	355
356	K	356	356
357	K	357	357
358	F	358	358
359	L	359	359
360	Q	360	360
361	C	361	361
362	L	362	362
363	G	363	363
364	R	364	364
365	Y	365	365
366	G	366	366
367	N	367	367
368	T	368	368
369	P	369	369
370	F	370	370
371	L	371	371
372	F	372	372
373	P	373	373
374	L	374	374
375	Y	375	375
376	G	376	376
377	Q	377	377
378	G	378	378
379	E	379	379
380	L	380	380
381	P	381	381
382	Q	382	382
383	C	383	383
384	F	384	384
385	C	385	385
386	R	386	386
387	M	387	387
388	C	388	388
389	A	389	389
390	V	390	390
391	F	391	391
392	G	392	392
393	G	393	393
394	I	394	394
395	Y	395	395
396	C	396	396
397	L	397	397
398	R	398	398
399	H	399	399
400	S	400	400
401	V	401	401
402	Q	402	402
403	C	403	403
404	L	404	404
405	V	405	405
406	V	406	406
407	D	407	407
408	K	408	408
409	E	409	409
410	S	410	410
411	R	411	411
412	K	412	412
413	C	413	413
414	K	414	414
415	A	415	415
416	V	416	416
417	I	417	417
418	D	418	418
419	Q	419	419
420	F	420	420
421	G	421	421
422	Q	422	422
423	R	423	423
424	I	424	424
425	I	425	425
426	S	426	426
427	K	427	427
428	H	428	428
429	F	429	429
430	I	430	430
431	I	431	431
432	E	432	432
433	D	433	433
434	S	434	434
435	Y	435	435
436	L	436	436
437	S	437	437
438	E	438	438
439	N	439	439
440	T	440	440
441	C	441	441
442	S	442	442
443	R	443	443
444	V	444	444
445	Q	445	445
446	Y	446	446
447	R	447	447
448	Q	448	448
449	I	449	449
450	S	450	450
451	R	451	451
452	A	452	452
453	V	453	453
454	L	454	454
455	I	455	455
456	T	456	456
457	D	457	457
458	G	458	458
459	S	459	459
460	V	460	460
461	L	461	461
462	K	462	462
463	T	463	463
464	D	464	464
465	A	465	465
466	D	466	466
467	Q	467	467
468	Q	468	468
469	V	469	469
470	S	470	470
471	I	471	471
472	L	472	472
473	A	473	473
474	V	474	474
475	P	475	475
476	A	476	476
477	E	477	477
478	E	478	478
479	P	479	479
480	G	480	480
481	S	481	481
482	F	482	482
483	G	483	483
484	V	484	484
485	R	485	485
486	V	486	486
487	I	487	487
488	E	488	488
489	L	489	489
490	C	490	490
491	S	491	491
492	S	492	492
493	T	493	493
494	M	494	494
495	T	495	495
496	C	496	496
497	M	497	497
498	K	498	498
499	G	499	499
500	T	500	500
501	Y	501	501
502	L	502	502
503	V	503	503
504	H	504	504
505	L	505	505
506	T	506	506
507	C	507	507
508	M	508	508
509	S	509	509
510	S	510	510
511	K	511	511
512	T	512	512
513	A	513	513
514	R	514	514
515	E	515	515
516	D	516	516
517	L	517	517
518	E	518	518
519	R	519	519
520	V	520	520
521	V	521	521
522	Q	522	522
523	K	523	523
524	L	524	524
525	F	525	525
526	T	526	526
527	P	527	527
528	Y	528	528
529	T	529	529
530	E	530	530
531	I	531	531
532	E	532	532
539	E	539	539
540	K	540	540
541	P	541	541
542	R	542	542
543	L	543	543
544	L	544	544
545	W	545	545
546	A	546	546
547	L	547	547
548	Y	548	548
549	F	549	549
550	N	550	550
551	M	551	551
552	R	552	552
553	D	553	553
554	S	554	554
555	S	555	555
556	D	556	556
557	I	557	557
558	S	558	558
559	R	559	559
560	D	560	560
561	C	561	561
562	Y	562	562
563	N	563	563
564	D	564	564
565	L	565	565
566	P	566	566
567	S	567	567
568	N	568	568
569	V	569	569
570	Y	570	570
571	V	571	571
572	C	572	572
573	S	573	573
574	G	574	574
575	P	575	575
576	D	576	576
577	S	577	577
578	G	578	578
579	L	579	579
580	G	580	580
581	N	581	581
582	D	582	582
583	N	583	583
584	A	584	584
585	V	585	585
586	K	586	586
587	Q	587	587
588	A	588	588
589	E	589	589
590	T	590	590
591	L	591	591
592	F	592	592
593	Q	593	593
594	Q	594	594
595	I	595	595
596	C	596	596
597	P	597	597
598	N	598	598
599	E	599	599
600	D	600	600
601	F	601	601
608	P	608	608
609	E	609	609
610	D	610	610
611	I	611	611
612	V	612	612
613	L	613	613
614	D	614	614
