UNIPROT_SEQ_NUM	UNIPROT	PDBResNumAuthor	PDBResNumCIF
3	G	3	3
4	G	4	4
5	L	5	5
6	D	6	6
7	V	7	7
8	L	8	8
9	Q	9	9
10	M	10	10
11	K	11	11
12	E	12	12
13	E	13	13
14	D	14	14
15	V	15	15
16	L	16	16
17	K	17	17
18	F	18	18
19	L	19	19
20	A	20	20
21	A	21	21
22	G	22	22
23	T	23	23
24	H	24	24
25	L	25	25
26	G	26	26
27	G	27	27
28	T	28	28
29	N	29	29
30	L	30	30
31	D	31	31
32	F	32	32
33	Q	33	33
34	M	34	34
35	E	35	35
36	Q	36	36
37	Y	37	37
38	I	38	38
39	Y	39	39
40	K	40	40
41	R	41	41
42	K	42	42
43	S	43	43
44	D	44	44
45	G	45	45
46	I	46	46
47	Y	47	47
48	I	48	48
49	I	49	49
50	N	50	50
51	L	51	51
52	K	52	52
53	R	53	53
54	T	54	54
55	W	55	55
56	E	56	56
57	K	57	57
58	L	58	58
59	L	59	59
60	L	60	60
61	A	61	61
62	A	62	62
63	R	63	63
64	A	64	64
65	I	65	65
66	V	66	66
67	A	67	67
68	I	68	68
69	E	69	69
70	N	70	70
71	P	71	71
72	A	72	72
73	D	73	73
74	V	74	74
75	S	75	75
76	V	76	76
77	I	77	77
78	S	78	78
79	S	79	79
80	R	80	80
81	N	81	81
82	T	82	82
83	G	83	83
84	Q	84	84
85	R	85	85
86	A	86	86
87	V	87	87
88	L	88	88
89	K	89	89
90	F	90	90
91	A	91	91
92	A	92	92
93	A	93	93
94	T	94	94
95	G	95	95
96	A	96	96
97	T	97	97
98	P	98	98
99	I	99	99
100	A	100	100
101	G	101	101
102	R	102	102
103	F	103	103
104	T	104	104
105	P	105	105
106	G	106	106
107	T	107	107
108	F	108	108
109	T	109	109
110	N	110	110
111	Q	111	111
112	I	112	112
113	Q	113	113
114	A	114	114
115	A	115	115
116	F	116	116
117	R	117	117
118	E	118	118
119	P	119	119
120	R	120	120
121	L	121	121
122	L	122	122
123	V	123	123
124	V	124	124
125	T	125	125
126	D	126	126
127	P	127	127
128	R	128	128
129	A	129	129
130	D	130	130
131	H	131	131
132	Q	132	132
133	P	133	133
134	L	134	134
135	T	135	135
136	E	136	136
137	A	137	137
138	S	138	138
139	Y	139	139
140	V	140	140
141	N	141	141
142	L	142	142
143	P	143	143
144	T	144	144
145	I	145	145
146	A	146	146
147	L	147	147
148	C	148	148
149	N	149	149
150	T	150	150
151	D	151	151
152	S	152	152
153	P	153	153
154	L	154	154
155	R	155	155
156	Y	156	156
157	V	157	157
158	D	158	158
159	I	159	159
160	A	160	160
161	I	161	161
162	P	162	162
163	C	163	163
164	N	164	164
165	N	165	165
166	K	166	166
167	G	167	167
168	A	168	168
169	H	169	169
170	S	170	170
171	V	171	171
172	G	172	172
173	L	173	173
174	M	174	174
175	W	175	175
176	W	176	176
177	M	177	177
178	L	178	178
179	A	179	179
180	R	180	180
181	E	181	181
182	V	182	182
183	L	183	183
184	R	184	184
185	M	185	185
186	R	186	186
187	G	187	187
188	T	188	188
189	I	189	189
190	S	190	190
191	R	191	191
192	E	192	192
193	H	193	193
194	P	194	194
195	W	195	195
196	E	196	196
197	V	197	197
198	M	198	198
199	P	199	199
200	D	200	200
201	L	201	201
202	Y	202	202
203	F	203	203
204	Y	204	204
205	R	205	205
206	D	206	206
207	P	207	207
208	E	208	208
209	E	209	209
210	I	210	210
211	E	211	211
212	K	212	212
213	E	213	213
214	E	214	214
215	Q	215	215
216	A	216	216
