UNIPROT_SEQ_NUM	UNIPROT	PDBResNumAuthor	PDBResNumCIF
2	S	1	2
3	V	2	3
4	M	3	4
5	S	4	5
6	Y	5	6
7	N	6	7
8	G	7	8
9	G	8	9
10	A	9	10
11	V	10	11
12	M	11	12
13	A	12	13
14	M	13	14
15	K	14	15
16	G	15	16
17	K	16	17
18	N	17	18
19	C	18	19
20	V	19	20
21	A	20	21
22	I	21	22
23	A	22	23
24	A	23	24
25	D	24	25
26	R	25	26
27	R	26	27
28	F	27	28
29	G	28	29
30	I	29	30
31	Q	30	31
32	A	31	32
33	Q	32	33
34	M	33	34
35	V	34	35
36	T	35	36
37	T	36	37
38	D	37	38
39	F	38	39
40	Q	39	40
41	K	40	41
42	I	41	42
43	F	42	43
44	P	43	44
45	M	44	45
46	G	45	46
47	D	46	47
48	R	47	48
49	L	48	49
50	Y	49	50
51	I	50	51
52	G	51	52
53	L	52	53
54	A	53	54
55	G	54	55
56	L	55	56
57	A	56	57
58	T	57	58
59	D	58	59
60	V	59	60
61	Q	60	61
62	T	61	62
63	V	62	63
64	A	63	64
65	Q	64	65
66	R	65	66
67	L	66	67
68	K	67	68
69	F	68	69
70	R	69	70
71	L	70	71
72	N	71	72
73	L	72	73
74	Y	73	74
75	E	74	75
76	L	75	76
77	K	76	77
78	E	77	78
79	G	78	79
80	R	79	80
81	Q	80	81
82	I	81	82
83	K	82	83
84	P	83	84
85	Y	84	85
86	T	85	86
87	L	86	87
88	M	87	88
89	S	88	89
90	M	89	90
91	V	90	91
92	A	91	92
93	N	92	93
94	L	93	94
95	L	94	95
96	Y	95	96
97	E	96	97
98	K	97	98
99	R	98	99
100	F	99	100
101	G	100	101
102	P	101	102
103	Y	102	103
104	Y	103	104
105	T	104	105
106	E	105	106
107	P	106	107
108	V	107	108
109	I	108	109
110	A	109	110
111	G	110	111
112	L	111	112
113	D	112	113
114	P	113	114
115	K	114	115
116	T	115	116
117	F	116	117
118	K	117	118
119	P	118	119
120	F	119	120
121	I	120	121
122	C	121	122
123	S	122	123
124	L	123	124
125	D	124	125
126	L	125	126
127	I	126	127
128	G	127	128
129	C	128	129
130	P	129	130
131	M	130	131
132	V	131	132
133	T	132	133
134	D	133	134
135	D	134	135
136	F	135	136
137	V	136	137
138	V	137	138
139	S	138	139
140	G	139	140
141	T	140	141
142	C	141	142
143	S	142	143
144	E	143	144
145	Q	144	145
146	M	145	146
147	Y	146	147
148	G	147	148
149	M	148	149
150	C	149	150
151	E	150	151
152	S	151	152
153	L	152	153
154	W	153	154
155	E	154	155
156	P	155	156
157	N	156	157
158	M	157	158
159	D	158	159
160	P	159	160
161	E	160	161
162	H	161	162
163	L	162	163
164	F	163	164
165	E	164	165
166	T	165	166
167	I	166	167
168	S	167	168
169	Q	168	169
170	A	169	170
171	M	170	171
172	L	171	172
173	N	172	173
174	A	173	174
175	V	174	175
176	D	175	176
177	R	176	177
178	D	177	178
179	A	178	179
180	V	179	180
181	S	180	181
182	G	181	182
183	M	182	183
184	G	183	184
185	V	184	185
186	I	185	186
187	V	186	187
188	H	187	188
189	I	188	189
190	I	189	190
191	E	190	191
192	K	191	192
193	D	192	193
194	K	193	194
195	I	194	195
196	T	195	196
197	T	196	197
198	R	197	198
199	T	198	199
200	L	199	200
201	K	200	201
202	A	201	202
203	R	202	203
204	M	203	204
205	D	204	205
