UNIPROT_SEQ_NUM	UNIPROT	PDBResNumAuthor	PDBResNumCIF
1	M	1	1
2	E	2	2
3	Y	3	3
4	L	4	4
5	I	5	5
6	G	6	6
7	I	7	7
8	Q	8	8
9	G	9	9
10	P	10	10
11	D	11	11
12	Y	12	12
13	V	13	13
14	L	14	14
15	V	15	15
16	A	16	16
17	S	17	17
18	D	18	18
19	R	19	19
20	V	20	20
21	A	21	21
22	A	22	22
23	S	23	23
24	N	24	24
25	I	25	25
26	V	26	26
27	Q	27	27
28	M	28	28
29	K	29	29
30	D	30	30
31	D	31	31
32	H	32	32
33	D	33	33
34	K	34	34
35	M	35	35
36	F	36	36
37	K	37	37
38	M	38	38
39	S	39	39
40	E	40	40
41	K	41	41
42	I	42	42
43	L	43	43
44	L	44	44
45	L	45	45
46	C	46	46
47	V	47	47
48	G	48	48
49	E	49	49
50	A	50	50
51	G	51	51
52	D	52	52
53	T	53	53
54	V	54	54
55	Q	55	55
56	F	56	56
57	A	57	57
58	E	58	58
59	Y	59	59
60	I	60	60
61	Q	61	61
62	K	62	62
63	N	63	63
64	V	64	64
65	Q	65	65
66	L	66	66
67	Y	67	67
68	K	68	68
69	M	69	69
70	R	70	70
71	N	71	71
72	G	72	72
73	Y	73	73
74	E	74	74
75	L	75	75
76	S	76	76
77	P	77	77
78	T	78	78
79	A	79	79
80	A	80	80
81	A	81	81
82	N	82	82
83	F	83	83
84	T	84	84
85	R	85	85
86	R	86	86
87	N	87	87
88	L	88	88
89	A	89	89
90	D	90	90
91	C	91	91
92	L	92	92
93	R	93	93
94	S	94	94
95	R	95	95
96	T	96	96
97	P	97	97
98	Y	98	98
99	H	99	99
100	V	100	100
101	N	101	101
102	L	102	102
103	L	103	103
104	L	104	104
105	A	105	105
106	G	106	106
107	Y	107	107
108	D	108	108
109	E	109	109
110	H	110	110
111	E	111	111
112	G	112	112
113	P	113	113
114	A	114	114
115	L	115	115
116	Y	116	116
117	Y	117	117
118	M	118	118
119	D	119	119
120	Y	120	120
121	L	121	121
122	A	122	122
123	A	123	123
124	L	124	124
125	A	125	125
126	K	126	126
127	A	127	127
128	P	128	128
129	F	129	129
130	A	130	130
131	A	131	131
132	H	132	132
133	G	133	133
134	Y	134	134
135	G	135	135
136	A	136	136
137	F	137	137
138	L	138	138
139	T	139	139
140	L	140	140
141	S	141	141
142	I	142	142
143	L	143	143
144	D	144	144
145	R	145	145
146	Y	146	146
147	Y	147	147
148	T	148	148
149	P	149	149
150	T	150	150
151	I	151	151
152	S	152	152
153	R	153	153
154	E	154	154
155	R	155	155
156	A	156	156
157	V	157	157
158	E	158	158
159	L	159	159
160	L	160	160
161	R	161	161
162	K	162	162
163	C	163	163
164	L	164	164
165	E	165	165
166	E	166	166
167	L	167	167
168	Q	168	168
169	K	169	169
170	R	170	170
171	F	171	171
172	I	172	172
173	L	173	173
174	N	174	174
175	L	175	175
176	P	176	176
177	T	177	177
178	F	178	178
179	S	179	179
180	V	180	180
181	R	181	181
182	V	182	182
183	I	183	183
184	D	184	184
185	K	185	185
186	D	186	186
187	G	187	187
188	I	188	188
189	H	189	189
190	N	190	190
191	L	191	191
192	E	192	192
193	N	193	193
194	I	194	194
195	T	195	195
196	F	196	196
197	T	197	197
