UNIPROT_SEQ_NUM	UNIPROT	PDBResNumAuthor	PDBResNumCIF
2	A	2	2
3	P	3	3
4	S	4	4
5	R	5	5
6	N	6	6
7	G	7	7
8	M	8	8
9	I	9	9
10	L	10	10
11	K	11	11
12	P	12	12
13	H	13	13
14	F	14	14
15	H	15	15
16	K	16	16
17	D	17	17
18	W	18	18
19	Q	19	19
20	Q	20	20
21	R	21	21
22	V	22	22
23	D	23	23
24	T	24	24
25	W	25	25
26	F	26	26
27	N	27	27
28	Q	28	28
29	P	29	29
30	A	30	30
31	R	31	31
32	K	32	32
33	I	33	33
34	R	34	34
35	R	35	35
36	R	36	36
37	K	37	37
38	A	38	38
39	R	39	39
40	Q	40	40
41	A	41	41
42	K	42	42
43	A	43	43
44	R	44	44
45	R	45	45
46	I	46	46
47	A	47	47
48	P	48	48
49	R	49	49
50	P	50	50
51	A	51	51
52	S	52	52
53	G	53	53
54	P	54	54
55	I	55	55
56	R	56	56
57	P	57	57
58	I	58	58
59	V	59	59
60	R	60	60
61	C	61	61
62	P	62	62
63	T	63	63
64	V	64	64
65	R	65	65
66	Y	66	66
67	H	67	67
68	T	68	68
69	K	69	69
70	V	70	70
71	R	71	71
72	A	72	72
73	G	73	73
74	R	74	74
75	G	75	75
76	F	76	76
77	S	77	77
78	L	78	78
79	E	79	79
80	E	80	80
81	L	81	81
82	R	82	82
83	V	83	83
84	A	84	84
85	G	85	85
86	I	86	86
87	H	87	87
88	K	88	88
89	K	89	89
90	M	90	90
91	A	91	91
92	R	92	92
93	T	93	93
94	I	94	94
95	G	95	95
96	I	96	96
97	S	97	97
98	V	98	98
99	D	99	99
100	P	100	100
101	R	101	101
102	R	102	102
103	R	103	103
104	N	104	104
105	K	105	105
106	S	106	106
107	T	107	107
108	E	108	108
109	S	109	109
110	L	110	110
111	Q	111	111
112	A	112	112
113	N	113	113
114	V	114	114
115	Q	115	115
116	R	116	116
117	L	117	117
118	K	118	118
119	E	119	119
120	Y	120	120
121	R	121	121
122	S	122	122
123	K	123	123
124	L	124	124
125	I	125	125
126	L	126	126
127	F	127	127
128	P	128	128
129	R	129	129
130	K	130	130
131	P	131	131
132	S	132	132
133	A	133	133
134	P	134	134
135	K	135	135
136	K	136	136
137	G	137	137
138	D	138	138
139	S	139	139
140	S	140	140
141	A	141	141
142	E	142	142
143	E	143	143
144	L	144	144
145	K	145	145
146	L	146	146
147	A	147	147
148	T	148	148
149	Q	149	149
150	L	150	150
151	T	151	151
152	G	152	152
153	P	153	153
154	V	154	154
155	M	155	155
156	P	156	156
157	I	157	157
158	R	158	158
159	N	159	159
160	V	160	160
161	Y	161	161
162	K	162	162
163	K	163	163
164	E	164	164
165	K	165	165
166	A	166	166
167	R	167	167
168	A	168	168
169	I	169	169
170	T	170	170
171	E	171	171
172	E	172	172
173	E	173	173
174	K	174	174
175	N	175	175
176	F	176	176
177	K	177	177
178	A	178	178
179	F	179	179
180	A	180	180
181	S	181	181
182	L	182	182
183	R	183	183
184	M	184	184
185	A	185	185
186	R	186	186
187	A	187	187
188	N	188	188
189	A	189	189
190	R	190	190
191	L	191	191
192	F	192	192
193	G	193	193
194	I	194	194
195	R	195	195
196	A	196	196
197	K	197	197
198	R	198	198
199	A	199	199
200	K	200	200
201	E	201	201
202	A	202	202
203	A	203	203
204	E	204	204
205	Q	205	205
206	D	206	206
