UNIPROT_SEQ_NUM	UNIPROT	PDBResNumAuthor	PDBResNumCIF
33	T	2	2
34	H	3	3
35	V	4	4
36	L	5	5
37	R	6	6
38	F	7	7
39	G	8	8
40	G	9	9
41	I	10	10
42	F	11	11
43	E	12	12
44	Y	13	13
45	V	14	14
46	E	15	15
47	S	16	16
48	G	17	17
49	P	18	18
50	M	19	19
51	G	20	20
52	A	21	21
53	E	22	22
54	E	23	23
55	L	24	24
56	A	25	25
57	F	26	26
58	R	27	27
59	F	28	28
60	A	29	29
61	V	30	30
62	N	31	31
63	T	32	32
64	I	33	33
65	N	34	34
66	R	35	35
67	N	36	36
68	R	37	37
69	T	38	38
70	L	39	39
71	L	40	40
72	P	41	41
73	N	42	42
74	T	43	43
75	T	44	44
76	L	45	45
77	T	46	46
78	Y	47	47
79	D	48	48
80	T	49	49
81	Q	50	50
82	K	51	51
83	I	52	52
84	N	53	53
85	L	54	54
86	Y	55	55
87	D	56	56
88	S	57	57
89	F	58	58
90	E	59	59
91	A	60	60
92	S	61	61
93	K	62	62
94	K	63	63
95	A	64	64
96	C	65	65
97	D	66	66
98	Q	67	67
99	L	68	68
100	S	69	69
101	L	70	70
102	G	71	71
103	V	72	72
104	A	73	73
105	A	74	74
106	I	75	75
107	F	76	76
108	G	77	77
109	P	78	78
110	S	79	79
111	H	80	80
112	S	81	81
113	S	82	82
114	S	83	83
115	A	84	84
116	N	85	85
117	A	86	86
118	V	87	87
119	Q	88	88
120	S	89	89
121	I	90	90
122	C	91	91
123	N	92	92
124	A	93	93
125	L	94	94
126	G	95	95
127	V	96	96
128	P	97	97
129	H	98	98
130	I	99	99
131	Q	100	100
132	T	101	101
133	R	102	102
134	W	103	103
135	K	104	104
136	H	105	105
137	Q	106	106
138	V	107	107
139	S	108	108
140	D	109	109
141	N	110	110
142	K	111	111
143	D	112	112
144	S	113	113
145	F	114	114
146	Y	115	115
147	V	116	116
148	S	117	117
149	L	118	118
150	Y	119	119
151	P	120	120
152	D	121	121
153	F	122	122
154	S	123	123
155	S	124	124
156	L	125	125
157	S	126	126
158	R	127	127
159	A	128	128
160	I	129	129
161	L	130	130
162	D	131	131
163	L	132	132
164	V	133	133
165	Q	134	134
166	F	135	135
167	F	136	136
168	K	137	137
169	W	138	138
170	K	139	139
171	T	140	140
172	V	141	141
173	T	142	142
174	V	143	143
175	V	144	144
176	Y	145	145
177	D	146	146
178	D	147	147
179	S	148	148
180	T	149	149
181	G	150	150
182	L	151	151
183	I	152	152
184	R	153	153
185	L	154	154
186	Q	155	155
187	E	156	156
188	L	157	157
189	I	158	158
190	K	159	159
191	A	160	160
192	P	161	161
193	S	162	162
194	R	163	163
195	Y	164	164
196	N	165	165
197	L	166	166
198	R	167	167
199	L	168	168
200	K	169	169
201	I	170	170
202	R	171	171
203	Q	172	172
204	L	173	173
205	P	174	174
206	A	175	175
207	D	176	176
208	T	177	177
209	K	178	178
210	D	179	179
211	A	180	180
212	K	181	181
213	P	182	182
214	L	183	183
215	L	184	184
216	K	185	185
217	E	186	186
218	M	187	187
219	K	188	188
220	R	189	189
221	G	190	190
222	K	191	191
223	E	192	192
224	F	193	193
225	H	194	194
226	V	195	195
227	I	196	196
228	F	197	197
229	D	198	198
230	C	199	199
231	S	200	200
232	H	201	201
233	E	202	202
234	M	203	203
235	A	204	204
236	A	205	205
237	G	206	206
238	I	207	207
239	L	208	208
240	K	209	209
241	Q	210	210
242	A	211	211
243	L	212	212
244	A	213	213
245	M	214	214
246	G	215	215
247	M	216	216
248	M	217	217
249	T	218	218
250	E	219	219
251	Y	220	220
252	Y	221	221
253	H	222	222
254	Y	223	223
255	I	224	224
256	F	225	225
257	T	226	226
258	T	227	227
259	L	228	228
260	D	229	229
261	L	230	230
262	F	231	231
263	A	232	232
264	L	233	233
265	D	234	234
266	V	235	235
267	E	236	236
268	P	237	237
269	Y	238	238
270	R	239	239
271	Y	240	240
272	S	241	241
273	G	242	242
274	V	243	243
275	N	244	244
276	M	245	245
277	T	246	246
278	G	247	247
279	F	248	248
280	R	249	249
281	I	250	250
282	L	251	251
283	N	252	252
284	T	253	253
285	E	254	254
286	N	255	255
287	T	256	256
288	Q	257	257
289	V	258	258
290	S	259	259
291	S	260	260
292	I	261	261
293	I	262	262
294	E	263	263
295	K	264	264
296	W	265	265
297	S	266	266
298	M	267	267
309	S	278	278
310	G	279	279
311	L	280	280
312	L	281	281
313	D	282	282
314	G	283	283
315	F	284	284
316	M	285	285
317	T	286	286
318	T	287	287
319	D	288	288
320	A	289	289
321	A	290	290
322	L	291	291
323	M	292	292
324	Y	293	293
325	D	294	294
326	A	295	295
327	V	296	296
328	H	297	297
329	V	298	298
330	V	299	299
331	S	300	300
332	V	301	301
333	A	302	302
334	V	303	303
335	Q	304	304
336	Q	305	305
337	F	306	306
338	P	307	307
339	Q	308	308
340	M	309	309
341	T	310	310
342	V	311	311
343	S	312	312
344	S	313	313
345	L	314	314
346	Q	315	315
347	C	316	316
348	N	317	317
349	R	318	318
350	H	319	319
351	K	320	320
352	P	321	321
353	W	322	322
354	R	323	323
355	F	324	324
356	G	325	325
357	T	326	326
358	R	327	327
359	F	328	328
360	M	329	329
361	S	330	330
362	L	331	331
363	I	332	332
364	K	333	333
365	E	334	334
366	A	335	335
367	H	336	336
368	W	337	337
369	E	338	338
370	G	339	339
371	L	340	340
372	T	341	341
373	G	342	342
374	R	343	343
375	I	344	344
376	T	345	345
377	F	346	346
378	N	347	347
379	K	348	348
380	T	349	349
381	N	350	350
382	G	351	351
383	L	352	352
384	R	353	353
385	T	354	354
386	D	355	355
387	F	356	356
388	D	357	357
389	L	358	358
390	D	359	359
391	V	360	360
392	I	361	361
393	S	362	362
394	L	363	363
395	K	364	364
396	E	365	365
397	E	366	366
398	G	367	367
399	L	368	368
400	E	369	369
401	K	370	370
402	I	371	371
403	G	372	372
404	T	373	373
405	W	374	374
406	D	375	375
407	P	376	376
408	A	377	377
409	S	378	378
410	G	379	379
411	L	380	380
412	N	381	381
413	M	382	382
414	T	383	383
