UNIPROT_SEQ_NUM	UNIPROT	PDBResNumAuthor	PDBResNumCIF
44	E	44	8
45	E	45	9
46	L	46	10
47	T	47	11
48	D	48	12
49	E	49	13
50	E	50	14
51	K	51	15
52	E	52	16
53	I	53	17
54	I	54	18
55	N	55	19
56	R	56	20
57	V	57	21
58	I	58	22
59	A	59	23
60	R	60	24
61	A	61	25
62	E	62	26
63	K	63	27
64	M	64	-
65	E	65	29
66	T	66	30
67	M	67	-
68	E	68	32
69	Q	69	33
70	E	70	34
71	R	71	35
72	I	72	36
73	G	73	37
74	R	74	38
75	L	75	39
76	V	76	40
77	D	77	41
78	R	78	42
79	L	79	43
80	E	80	44
81	T	81	45
82	M	82	-
83	R	83	47
84	K	84	48
85	N	85	49
86	V	86	50
87	A	87	51
88	G	88	52
89	D	89	53
90	G	90	54
91	V	91	55
92	N	92	56
93	R	93	57
94	C	94	58
95	I	95	59
96	L	96	60
97	C	97	61
98	G	98	62
99	E	99	63
100	Q	100	64
101	L	101	65
102	G	102	66
103	M	103	-
104	L	104	68
105	G	105	69
106	S	106	70
107	A	107	71
108	C	108	72
109	V	109	73
110	V	110	74
111	C	111	75
112	E	112	76
113	D	113	77
114	C	114	78
115	K	115	79
116	K	116	80
117	N	117	81
118	V	118	82
119	C	119	83
120	T	120	84
121	K	121	85
122	C	122	86
123	G	123	87
124	V	124	88
125	E	125	89
126	T	126	90
127	S	127	91
128	N	128	92
129	N	129	93
130	R	130	94
131	P	131	95
132	H	132	96
133	P	133	97
134	V	134	98
135	W	135	99
136	L	136	100
137	C	137	101
138	K	138	102
139	I	139	103
140	C	140	104
141	L	141	105
142	E	142	106
143	Q	143	107
144	R	144	108
145	E	145	109
146	V	146	110
147	W	147	111
148	K	148	112
149	R	149	113
150	S	150	114
151	G	151	115
152	A	152	116
153	W	153	117
154	F	154	118
155	F	155	119
156	K	156	120
157	G	157	121
158	F	158	122
159	P	159	123
160	K	160	124
161	Q	161	125
162	V	162	126
163	L	163	127
164	P	164	128
165	Q	165	129
166	P	166	130
167	M	167	-
