UNIPROT_SEQ_NUM	UNIPROT	PDBResNumAuthor	PDBResNumCIF
2	S	2	2
3	Y	3	3
4	D	4	4
5	R	5	5
6	A	6	6
7	I	7	7
8	T	8	8
9	V	9	9
10	F	10	10
11	S	11	11
12	P	12	12
13	D	13	13
14	G	14	14
15	H	15	15
16	L	16	16
17	F	17	17
18	Q	18	18
19	V	19	19
20	E	20	20
21	Y	21	21
22	A	22	22
23	Q	23	23
24	E	24	24
25	A	25	25
26	V	26	26
27	K	27	27
28	K	28	28
29	G	29	29
30	S	30	30
31	T	31	31
32	A	32	32
33	V	33	33
34	G	34	34
35	V	35	35
36	R	36	36
37	G	37	37
38	R	38	38
39	D	39	39
40	I	40	40
41	V	41	41
42	V	42	42
43	L	43	43
44	G	44	44
45	V	45	45
46	E	46	46
47	K	47	47
48	K	48	48
49	S	49	49
50	V	50	50
51	A	51	51
52	K	52	52
53	L	53	53
54	Q	54	54
55	D	55	55
56	E	56	56
57	R	57	57
58	T	58	58
59	V	59	59
60	R	60	60
61	K	61	61
62	I	62	62
63	C	63	63
64	A	64	64
65	L	65	65
66	D	66	66
67	D	67	67
68	N	68	68
69	V	69	69
70	C	70	70
71	M	71	71
72	A	72	72
73	F	73	73
74	A	74	74
81	G	75	81
82	L	76	82
83	T	77	83
84	A	78	84
85	D	79	85
86	A	80	86
87	R	81	87
88	I	82	88
89	V	83	89
90	I	84	90
91	N	85	91
92	R	86	92
93	A	87	93
94	R	88	94
95	V	89	95
96	E	90	96
97	C	91	97
98	Q	92	98
99	S	93	99
100	H	94	100
101	R	95	101
102	L	96	102
103	T	97	103
104	V	98	104
105	G	99	105
106	D	100	106
107	P	101	107
108	V	102	108
109	T	103	109
110	V	104	110
111	E	105	111
112	Y	106	112
113	I	107	113
114	T	108	114
115	R	109	115
116	Y	110	116
117	I	111	117
118	A	112	118
119	S	113	119
120	L	114	120
121	K	115	121
122	Q	116	122
123	R	117	123
124	Y	118	124
125	T	119	125
126	Q	120	126
127	S	121	127
128	N	122	128
129	G	123	129
130	R	124	130
131	R	125	131
132	P	126	132
133	F	127	133
134	G	128	134
135	I	129	135
136	S	130	136
137	A	131	137
138	L	132	138
139	I	133	139
140	V	134	140
141	G	135	141
142	F	136	142
143	D	137	143
144	F	138	144
145	D	139	145
146	G	140	146
147	T	141	147
148	P	142	148
149	R	143	149
150	L	144	150
151	Y	145	151
152	Q	146	152
153	T	147	153
154	D	148	154
155	P	149	155
156	S	150	156
157	G	151	157
158	T	152	158
159	Y	153	159
160	H	154	160
161	A	155	161
162	W	156	162
163	K	157	163
164	A	158	164
165	N	159	165
166	A	160	166
167	I	161	167
168	G	162	168
169	R	163	169
170	G	164	170
171	A	165	171
172	K	166	172
173	S	167	173
174	V	168	174
175	R	169	175
176	E	170	176
177	F	171	177
178	L	172	178
179	E	173	179
180	K	174	180
181	N	175	181
182	Y	176	182
183	T	177	183
184	D	178	184
185	D	179	185
186	A	180	186
187	I	181	187
188	E	182	188
189	T	183	189
190	D	184	190
191	D	185	191
192	L	186	192
193	T	187	193
194	I	188	194
195	K	189	195
196	L	190	196
197	V	191	197
198	I	192	198
199	K	193	199
200	A	194	200
201	L	195	201
202	L	196	202
203	E	197	203
204	V	198	204
205	V	199	205
206	Q	200	206
207	S	201	207
208	G	202	208
209	G	203	209
210	K	204	210
211	N	205	211
212	I	206	212
213	E	207	213
214	L	208	214
215	A	209	215
216	V	210	216
217	M	211	217
218	R	212	218
219	R	213	219
220	D	214	220
221	Q	215	221
222	P	216	222
223	L	217	223
224	K	218	224
225	I	219	225
226	L	220	226
227	S	221	227
228	P	222	228
229	E	223	229
230	E	224	230
231	I	225	231
232	E	226	232
233	K	227	233
234	Y	228	234
235	V	229	235
236	A	230	236
237	E	231	237
238	I	232	238
239	E	233	239
