UNIPROT_SEQ_NUM	UNIPROT	PDBResNumAuthor	PDBResNumCIF
21	V	21	21
22	V	22	22
23	D	23	23
24	P	24	24
25	F	25	25
26	S	26	26
27	K	27	27
28	K	28	28
29	D	29	29
30	W	30	30
31	Y	31	31
32	D	32	32
33	V	33	33
34	K	34	34
35	A	35	35
36	P	36	36
37	A	37	37
38	M	38	38
39	F	39	39
40	N	40	40
41	I	41	41
42	R	42	42
43	N	43	43
44	I	44	44
45	G	45	45
46	K	46	46
47	T	47	47
48	L	48	48
49	V	49	49
50	T	50	50
51	R	51	51
52	T	52	52
53	Q	53	53
54	G	54	54
55	T	55	55
56	K	56	56
57	I	57	57
58	A	58	58
59	S	59	59
60	D	60	60
61	G	61	61
62	L	62	62
63	K	63	63
64	G	64	64
65	R	65	65
66	V	66	66
67	F	67	67
68	E	68	68
69	V	69	69
70	S	70	70
71	L	71	71
72	A	72	72
73	D	73	73
74	L	74	74
75	Q	75	75
76	N	76	76
77	D	77	77
78	E	78	78
79	V	79	79
80	A	80	80
81	F	81	81
82	R	82	82
83	K	83	83
84	F	84	84
85	K	85	85
86	L	86	86
87	I	87	87
88	T	88	88
89	E	89	89
90	D	90	90
91	V	91	91
92	Q	92	92
93	G	93	93
94	K	94	94
95	N	95	95
96	C	96	96
97	L	97	97
98	T	98	98
99	N	99	99
100	F	100	100
101	H	101	101
102	G	102	102
103	M	103	103
104	D	104	104
105	L	105	105
106	T	106	106
107	R	107	107
108	D	108	108
109	K	109	109
110	M	110	110
111	C	111	111
112	S	112	112
113	M	113	113
114	V	114	114
115	K	115	115
116	K	116	116
117	W	117	117
118	Q	118	118
119	T	119	119
120	M	120	120
121	I	121	121
122	E	122	122
123	A	123	123
124	H	124	124
125	V	125	125
126	D	126	126
127	V	127	127
128	K	128	128
129	T	129	129
130	T	130	130
131	D	131	131
132	G	132	132
133	Y	133	133
134	L	134	134
135	L	135	135
136	R	136	136
137	L	137	137
138	F	138	138
139	C	139	139
140	V	140	140
141	G	141	141
142	F	142	142
143	T	143	143
144	K	144	144
145	K	145	145
146	R	146	146
147	N	147	147
148	N	148	148
149	Q	149	149
150	I	150	150
151	R	151	151
152	K	152	152
153	T	153	153
154	S	154	154
155	Y	155	155
156	A	156	156
157	Q	157	157
158	H	158	158
159	Q	159	159
160	Q	160	160
161	V	161	161
162	R	162	162
163	Q	163	163
164	I	164	164
165	R	165	165
166	K	166	166
167	K	167	167
168	M	168	168
169	M	169	169
170	E	170	170
171	I	171	171
172	M	172	172
173	T	173	173
174	R	174	174
175	E	175	175
176	V	176	176
177	Q	177	177
178	T	178	178
179	N	179	179
180	D	180	180
181	L	181	181
182	K	182	182
183	E	183	183
184	V	184	184
185	V	185	185
186	N	186	186
187	K	187	187
188	L	188	188
189	I	189	189
190	P	190	190
191	D	191	191
192	S	192	192
193	I	193	193
194	G	194	194
195	K	195	195
196	D	196	196
197	I	197	197
198	E	198	198
199	K	199	199
200	A	200	200
201	C	201	201
202	Q	202	202
203	S	203	203
204	I	204	204
205	Y	205	205
206	P	206	206
207	L	207	207
208	H	208	208
209	D	209	209
210	V	210	210
211	F	211	211
212	V	212	212
213	R	213	213
214	K	214	214
215	V	215	215
216	K	216	216
217	M	217	217
218	L	218	218
219	K	219	219
220	K	220	220
221	P	221	221
222	K	222	222
223	F	223	223
224	E	224	224
225	L	225	225
226	G	226	226
227	K	227	227
228	L	228	228
229	M	229	229
230	E	230	230
231	L	231	231
232	H	232	232
233	G	233	233
234	E	234	234
