UNIPROT_SEQ_NUM	UNIPROT	PDBResNumAuthor	PDBResNumCIF
51	V	51	51
52	S	52	52
53	Q	53	53
54	E	54	54
55	E	55	55
56	V	56	56
57	K	57	57
58	K	58	58
59	W	59	59
60	A	60	60
61	E	61	61
62	S	62	62
63	L	63	63
64	E	64	64
65	N	65	65
66	L	66	66
67	I	67	67
68	N	68	68
69	H	69	69
70	E	70	70
71	C	71	71
72	G	72	72
73	L	73	73
74	A	74	74
75	A	75	75
76	F	76	76
77	K	77	77
78	A	78	78
79	F	79	79
80	L	80	80
81	K	81	81
82	S	82	82
83	E	83	83
84	Y	84	84
85	S	85	85
86	E	86	86
87	E	87	87
88	N	88	88
89	I	89	89
90	D	90	90
91	F	91	91
92	W	92	92
93	I	93	93
94	S	94	94
95	C	95	95
96	E	96	96
97	E	97	97
98	Y	98	98
99	K	99	99
100	K	100	100
101	I	101	101
102	K	102	102
103	S	103	103
104	P	104	104
105	S	105	105
106	K	106	106
107	L	107	107
108	S	108	108
109	P	109	109
110	K	110	110
111	A	111	111
112	K	112	112
113	K	113	113
114	I	114	114
115	Y	115	115
116	N	116	116
117	E	117	117
118	F	118	118
119	I	119	119
120	S	120	120
121	V	121	121
122	Q	122	122
123	A	123	123
124	T	124	124
125	K	125	125
126	E	126	126
127	V	127	127
128	N	128	128
129	L	129	129
130	D	130	130
131	S	131	131
132	C	132	132
133	T	133	133
134	R	134	134
135	E	135	135
136	E	136	136
137	T	137	137
138	S	138	138
139	R	139	139
140	N	140	140
141	M	141	141
142	L	142	142
143	E	143	143
144	P	144	144
145	T	145	145
146	I	146	146
147	T	147	147
148	C	148	148
149	F	149	149
150	D	150	150
151	E	151	151
152	A	152	152
153	Q	153	153
154	K	154	154
155	K	155	155
156	I	156	156
157	F	157	157
158	N	158	158
159	L	159	159
160	M	160	160
161	E	161	161
162	K	162	162
163	D	163	163
164	S	164	164
165	Y	165	165
166	R	166	166
167	R	167	167
168	F	168	168
169	L	169	169
170	K	170	170
171	S	171	171
172	R	172	172
173	F	173	173
174	Y	174	174
175	L	175	175
176	D	176	176
177	L	177	177
178	T	178	178
