UNIPROT_SEQ_NUM	UNIPROT	PDBResNumAuthor	PDBResNumCIF
4	R	4	4
5	G	5	5
6	K	6	6
7	L	7	7
8	I	8	8
9	A	9	9
10	V	10	10
11	I	11	11
12	G	12	12
13	D	13	13
14	E	14	14
15	D	15	15
16	T	16	16
17	V	17	17
18	T	18	18
19	G	19	19
20	F	20	20
21	L	21	21
22	L	22	22
23	G	23	23
24	G	24	24
25	I	25	25
26	G	26	26
27	E	27	27
28	L	28	28
29	N	29	29
30	K	30	30
31	N	31	31
32	R	32	32
33	H	33	33
34	P	34	34
35	N	35	35
36	F	36	36
37	L	37	37
38	V	38	38
39	V	39	39
40	E	40	40
41	K	41	41
42	D	42	42
43	T	43	43
44	T	44	44
45	I	45	45
46	N	46	46
47	E	47	47
48	I	48	48
49	E	49	49
50	D	50	50
51	T	51	51
52	F	52	52
53	R	53	53
54	Q	54	54
55	F	55	55
56	L	56	56
57	N	57	57
58	R	58	58
59	D	59	59
60	D	60	60
61	I	61	61
62	G	62	62
63	I	63	63
64	I	64	64
65	L	65	65
66	I	66	66
67	N	67	67
68	Q	68	68
69	Y	69	69
70	I	70	70
71	A	71	71
72	E	72	72
73	M	73	73
74	V	74	74
75	R	75	75
76	H	76	76
77	A	77	77
78	L	78	78
79	D	79	79
80	A	80	80
81	H	81	81
82	Q	82	82
83	R	83	83
84	S	84	84
85	I	85	85
86	P	86	86
87	A	87	87
88	V	88	88
89	L	89	89
90	E	90	90
91	I	91	91
92	P	92	92
93	S	93	93
94	K	94	94
95	E	95	95
96	H	96	96
97	P	97	97
98	Y	98	98
99	D	99	99
100	A	100	100
101	A	101	101
102	K	102	102
103	D	103	103
104	S	104	104
105	I	105	105
106	L	106	106
107	R	107	107
108	R	108	108
109	A	109	109
110	K	110	110
111	G	111	111
112	M	112	112
113	F	113	113
