UNIPROT_SEQ_NUM	UNIPROT	PDBResNumAuthor	PDBResNumCIF
3	C	3	3
4	A	4	4
5	R	5	5
6	P	6	6
7	L	7	7
8	I	8	8
9	S	9	9
10	V	10	10
11	Y	11	11
12	S	12	12
13	E	13	13
14	K	14	14
15	G	15	15
16	E	16	16
17	S	17	17
18	S	18	18
19	G	19	19
20	K	20	20
21	N	21	21
22	V	22	22
23	T	23	23
24	L	24	24
25	P	25	25
26	A	26	26
27	V	27	27
28	F	28	28
29	K	29	29
30	A	30	30
31	P	31	31
32	I	32	32
33	R	33	33
34	P	34	34
35	D	35	35
36	I	36	36
37	V	37	37
38	N	38	38
39	F	39	39
40	V	40	40
41	H	41	41
42	T	42	42
43	N	43	43
44	L	44	44
45	R	45	45
46	K	46	46
47	N	47	47
48	N	48	48
49	R	49	49
50	Q	50	50
51	P	51	51
52	Y	52	52
53	A	53	53
54	V	54	54
55	S	55	55
56	E	56	56
57	L	57	57
58	A	58	58
59	G	59	59
60	H	60	60
61	Q	61	61
62	T	62	62
63	S	63	63
64	A	64	64
65	E	65	65
66	S	66	66
67	W	67	67
68	G	68	68
69	T	69	69
70	G	70	70
71	R	71	71
72	A	72	72
73	V	73	73
74	A	74	74
75	R	75	75
76	I	76	76
77	P	77	77
78	R	78	78
79	V	79	79
80	R	80	80
81	G	81	81
82	G	82	82
83	G	83	83
84	T	84	84
85	H	85	85
86	R	86	86
87	S	87	87
88	G	88	88
89	Q	89	89
90	G	90	90
91	A	91	91
92	F	92	92
93	G	93	93
94	N	94	94
95	M	95	95
96	C	96	96
97	R	97	97
98	G	98	98
99	G	99	99
100	R	100	100
101	M	101	101
102	F	102	102
103	A	103	103
104	P	104	104
105	T	105	105
106	K	106	106
107	T	107	107
108	W	108	108
109	R	109	109
110	R	110	110
111	W	111	111
112	H	112	112
113	R	113	113
114	R	114	114
115	V	115	115
116	N	116	116
117	T	117	117
118	T	118	118
119	Q	119	119
120	K	120	120
121	R	121	121
122	Y	122	122
123	A	123	123
124	I	124	124
125	C	125	125
126	S	126	126
127	A	127	127
128	L	128	128
129	A	129	129
130	A	130	130
131	S	131	131
132	A	132	132
133	L	133	133
134	P	134	134
135	A	135	135
136	L	136	136
137	V	137	137
138	M	138	138
139	S	139	139
140	K	140	140
141	G	141	141
142	H	142	142
143	C	143	143
144	V	144	144
145	E	145	145
146	E	146	146
147	V	147	147
148	P	148	148
149	E	149	149
150	L	150	150
151	P	151	151
152	L	152	152
153	V	153	153
154	V	154	154
155	E	155	155
156	D	156	156
157	K	157	157
158	V	158	158
159	E	159	159
160	S	160	160
161	Y	161	161
162	K	162	162
163	K	163	163
164	T	164	164
165	K	165	165
166	E	166	166
167	A	167	167
168	V	168	168
169	Q	169	169
170	L	170	170
171	L	171	171
172	K	172	172
173	K	173	173
174	L	174	174
175	K	175	175
176	A	176	176
177	W	177	177
178	N	178	178
179	D	179	179
180	I	180	180
181	K	181	181
182	K	182	182
183	V	183	183
184	Y	184	184
185	A	185	185
186	S	186	186
187	Q	187	187
188	R	188	188
189	M	189	189
190	R	190	190
191	A	191	191
192	G	192	192
193	K	193	193
194	G	194	194
195	K	195	195
196	M	196	196
197	R	197	197
198	N	198	198
199	R	199	199
200	R	200	200
201	R	201	201
202	I	202	202
203	Q	203	203
204	R	204	204
205	R	205	205
206	G	206	206
207	P	207	207
208	C	208	208
209	I	209	209
210	I	210	210
211	Y	211	211
212	N	212	212
213	E	213	213
214	D	214	214
215	N	215	215
216	G	216	216
217	I	217	217
218	I	218	218
219	K	219	219
220	A	220	220
221	F	221	221
222	R	222	222
223	N	223	223
224	I	224	224
225	P	225	225
226	G	226	226
227	I	227	227
228	T	228	228
229	L	229	229
230	L	230	230
231	N	231	231
232	V	232	232
233	S	233	233
234	K	234	234
235	L	235	235
236	N	236	236
237	I	237	237
238	L	238	238
239	K	239	239
240	L	240	240
241	A	241	241
242	P	242	242
243	G	243	243
244	G	244	244
245	H	245	245
246	V	246	246
247	G	247	247
248	R	248	248
249	F	249	249
250	C	250	250
251	I	251	251
252	W	252	252
253	T	253	253
254	E	254	254
255	S	255	255
256	A	256	256
257	F	257	257
258	R	258	258
259	K	259	259
260	L	260	260
261	D	261	261
262	E	262	262
263	L	263	263
264	Y	264	264
265	G	265	265
266	T	266	266
267	W	267	267
268	R	268	268
269	K	269	269
270	A	270	270
271	A	271	271
272	S	272	272
273	L	273	273
274	K	274	274
275	S	275	275
276	N	276	276
277	Y	277	277
278	N	278	278
279	L	279	279
280	P	280	280
281	M	281	281
282	H	282	282
283	K	283	283
284	M	284	284
285	M	285	285
286	N	286	286
287	T	287	287
288	D	288	288
289	L	289	289
290	S	290	290
291	R	291	291
292	I	292	292
293	L	293	293
294	K	294	294
295	S	295	295
296	P	296	296
297	E	297	297
298	I	298	298
299	Q	299	299
300	R	300	300
301	A	301	301
302	L	302	302
303	R	303	303
304	A	304	304
305	P	305	305
306	R	306	306
307	K	307	307
308	K	308	308
309	I	309	309
310	H	310	310
311	R	311	311
312	R	312	312
313	V	313	313
314	L	314	314
315	K	315	315
316	K	316	316
317	N	317	317
318	P	318	318
319	L	319	319
320	K	320	320
321	N	321	321
322	L	322	322
323	R	323	323
324	I	324	324
325	M	325	325
326	L	326	326
327	K	327	327
328	L	328	328
329	N	329	329
330	P	330	330
331	Y	331	331
332	A	332	332
333	K	333	333
334	T	334	334
335	M	335	335
336	R	336	336
337	R	337	337
338	N	338	338
339	T	339	339
340	I	340	340
341	L	341	341
342	R	342	342
343	Q	343	343
344	A	344	344
345	R	345	345
346	N	346	346
347	H	347	347
348	K	348	348
349	L	349	349
350	R	350	350
351	V	351	351
352	K	352	352
353	K	353	353
354	L	354	354
355	E	355	355
356	A	356	356
357	A	357	357
358	A	358	358
359	A	359	359
360	A	360	360
361	L	361	361
362	A	362	362
363	A	363	363
364	K	364	364
365	S	365	365
