UNIPROT_SEQ_NUM	UNIPROT	PDBResNumAuthor	PDBResNumCIF
18	L	18	18
19	D	19	19
20	F	20	20
21	L	21	21
22	R	22	22
23	D	23	23
24	R	24	24
25	H	25	25
26	V	26	26
27	R	27	27
28	F	28	28
29	F	29	29
30	Q	30	30
31	R	31	31
32	C	32	32
33	L	33	33
34	Q	34	34
35	V	35	35
36	L	36	36
37	P	37	37
38	E	38	38
39	R	39	39
40	Y	40	40
41	S	41	41
42	S	42	42
43	L	43	43
44	E	44	44
45	T	45	45
46	S	46	46
47	R	47	47
48	L	48	48
49	T	49	49
50	I	50	50
51	A	51	51
52	F	52	52
53	F	53	53
54	A	54	54
55	L	55	55
56	S	56	56
57	G	57	57
58	L	58	58
59	D	59	59
60	M	60	60
61	L	61	61
62	D	62	62
63	S	63	63
64	L	64	64
65	D	65	65
66	V	66	66
67	V	67	67
68	N	68	68
69	K	69	69
70	D	70	70
71	D	71	71
72	I	72	72
73	I	73	73
74	E	74	74
75	W	75	75
76	I	76	76
77	Y	77	77
78	S	78	78
79	L	79	79
80	Q	80	80
81	V	81	81
82	L	82	82
83	P	83	83
84	T	84	84
85	E	85	85
86	D	86	86
87	R	87	87
88	S	88	88
89	N	89	89
90	L	90	90
91	D	91	91
92	R	92	92
93	C	93	93
94	G	94	94
95	F	95	95
96	R	96	96
97	G	97	97
98	S	98	98
99	S	99	99
100	Y	100	100
101	L	101	101
102	G	102	102
103	I	103	103
104	P	104	104
105	F	105	105
106	N	106	106
107	P	107	107
108	S	108	108
109	K	109	109
110	N	110	110
111	P	111	111
112	G	112	112
113	T	113	113
114	A	114	114
115	H	115	115
116	P	116	116
117	Y	117	117
118	D	118	118
119	S	119	119
120	G	120	120
121	H	121	121
122	I	122	122
123	A	123	123
124	M	124	124
125	T	125	125
126	Y	126	126
127	T	127	127
128	G	128	128
129	L	129	129
130	S	130	130
131	C	131	131
132	L	132	132
133	I	133	133
134	I	134	134
135	L	135	135
136	G	136	136
137	D	137	137
138	D	138	138
139	L	139	139
140	S	140	140
141	R	141	141
142	V	142	142
143	D	143	143
144	K	144	144
145	E	145	145
146	A	146	146
147	C	147	147
148	L	148	148
149	A	149	149
150	G	150	150
151	L	151	151
152	R	152	152
153	A	153	153
154	L	154	154
155	Q	155	155
156	L	156	156
157	E	157	157
158	D	158	158
159	G	159	159
160	S	160	160
161	F	161	161
162	C	162	162
163	A	163	163
164	V	164	164
165	P	165	165
166	E	166	166
167	G	167	167
168	S	168	168
169	E	169	169
170	N	170	170
171	D	171	171
172	M	172	172
173	R	173	173
174	F	174	174
175	V	175	175
176	Y	176	176
177	C	177	177
178	A	178	178
179	S	179	179
180	C	180	180
181	I	181	181
182	C	182	182
183	Y	183	183
184	M	184	184
185	L	185	185
186	N	186	186
187	N	187	187
188	W	188	188
189	S	189	189
190	G	190	190
191	M	191	191
192	D	192	192
193	M	193	193
194	K	194	194
195	K	195	195
196	A	196	196
197	I	197	197
198	S	198	198
199	Y	199	199
200	I	200	200
201	R	201	201
202	R	202	202
203	S	203	203
204	M	204	204
205	S	205	205
206	Y	206	206
207	D	207	207
208	N	208	208
209	G	209	209
210	L	210	210
211	A	211	211
212	Q	212	212
213	G	213	213
214	A	214	214
215	G	215	215
216	L	216	216
217	E	217	217
218	S	218	218
219	H	219	219
220	G	220	220
221	G	221	221
222	S	222	222
223	T	223	223
224	F	224	224
225	C	225	225
226	G	226	226
227	I	227	227
228	A	228	228
229	S	229	229
230	L	230	230
231	C	231	231
232	L	232	232
233	M	233	233
234	G	234	234
235	K	235	235
236	L	236	236
237	E	237	237
238	E	238	238
239	V	239	239
240	F	240	240
241	S	241	241
242	E	242	242
243	K	243	243
244	E	244	244
245	L	245	245
246	N	246	246
247	R	247	247
248	I	248	248
249	K	249	249
250	R	250	250
251	W	251	251
252	C	252	252
253	I	253	253
254	M	254	254
255	R	255	255
256	Q	256	256
257	Q	257	257
258	N	258	258
259	G	259	259
260	Y	260	260
261	H	261	261
262	G	262	262
263	R	263	263
264	P	264	264
265	N	265	265
266	K	266	266
267	P	267	267
268	V	268	268
269	D	269	269
270	T	270	270
271	C	271	271
272	Y	272	272
273	S	273	273
274	F	274	274
275	W	275	275
276	V	276	276
277	G	277	277
278	A	278	278
279	T	279	279
280	L	280	280
281	K	281	281
282	L	282	282
283	L	283	283
284	K	284	284
285	I	285	285
286	F	286	286
287	Q	287	287
288	Y	288	288
289	T	289	289
290	N	290	290
291	F	291	291
292	E	292	292
293	K	293	293
294	N	294	294
295	R	295	295
296	N	296	296
297	Y	297	297
298	I	298	298
299	L	299	299
300	S	300	300
301	T	301	301
302	Q	302	302
303	D	303	303
304	R	304	304
305	L	305	305
306	V	306	306
307	G	307	307
308	G	308	308
309	F	309	309
310	A	310	310
311	K	311	311
312	W	312	312
313	P	313	313
314	D	314	314
315	S	315	315
316	H	316	316
317	P	317	317
318	D	318	318
319	A	319	319
320	L	320	320
321	H	321	321
322	A	322	322
323	Y	323	323
324	F	324	324
325	G	325	325
326	I	326	326
327	C	327	327
328	G	328	328
329	L	329	329
330	S	330	330
331	L	331	331
332	M	332	332
333	E	333	333
334	E	334	334
335	S	335	335
336	G	336	336
337	I	337	337
338	C	338	338
339	K	339	339
340	V	340	340
341	H	341	341
342	P	342	342
343	A	343	343
344	L	344	344
345	N	345	345
346	V	346	346
347	S	347	347
348	T	348	348
349	R	349	349
350	T	350	350
351	S	351	351
352	E	352	352
353	R	353	353
354	L	354	354
355	R	355	355
356	D	356	356
357	L	357	357
358	H	358	358
359	Q	359	359
360	S	360	360
361	W	361	361
362	K	362	362
363	T	363	363
