UNIPROT_SEQ_NUM	UNIPROT	PDBResNumAuthor	PDBResNumCIF
165	I	165	8
166	P	166	9
167	W	167	10
168	R	168	11
169	R	169	12
170	A	170	13
171	G	171	14
172	V	172	15
173	K	173	16
174	Y	174	17
175	T	175	18
176	N	176	19
177	N	177	20
178	E	178	21
179	A	179	22
180	Y	180	23
181	F	181	24
182	D	182	25
183	V	183	26
184	V	184	27
185	E	185	28
186	E	186	29
187	I	187	30
188	D	188	31
189	A	189	32
190	I	190	33
191	I	191	34
192	D	192	35
193	K	193	36
194	S	194	37
195	G	195	38
196	S	196	39
197	T	197	40
198	V	198	41
199	F	199	42
200	A	200	43
201	E	201	44
202	I	202	45
203	Q	203	46
204	G	204	47
205	V	205	48
206	I	206	49
207	D	207	50
208	A	208	51
209	C	209	52
210	I	210	53
211	K	211	54
212	L	212	55
213	S	213	56
214	G	214	57
215	M	215	58
216	P	216	59
217	D	217	60
218	L	218	61
219	S	219	62
220	L	220	63
221	S	221	64
222	F	222	65
223	M	223	66
224	N	224	67
225	P	225	68
226	R	226	69
227	L	227	70
228	L	228	71
229	D	229	72
230	D	230	73
231	V	231	74
232	S	232	75
233	F	233	76
234	H	234	77
235	P	235	78
236	C	236	79
237	I	237	80
238	R	238	81
239	F	239	82
240	K	240	83
241	R	241	84
242	W	242	85
243	E	243	86
244	S	244	87
245	E	245	88
246	R	246	89
247	V	247	90
248	L	248	91
249	S	249	92
250	F	250	93
251	I	251	94
252	P	252	95
253	P	253	96
254	D	254	97
255	G	255	98
256	N	256	99
257	F	257	100
258	R	258	101
259	L	259	102
260	I	260	103
261	S	261	104
262	Y	262	105
263	R	263	106
264	V	264	107
265	S	265	108
266	S	266	109
267	Q	267	110
268	N	268	111
269	L	269	112
270	V	270	113
271	A	271	114
272	I	272	115
273	P	273	116
274	V	274	117
275	Y	275	118
276	V	276	119
277	K	277	120
278	H	278	121
279	N	279	122
280	I	280	123
281	S	281	124
282	F	282	125
286	S	286	129
287	S	287	130
288	C	288	131
289	G	289	132
290	R	290	133
291	F	291	134
292	D	292	135
293	I	293	136
294	T	294	137
295	I	295	138
296	G	296	139
297	P	297	140
298	K	298	141
299	Q	299	142
300	N	300	143
301	M	301	144
302	G	302	145
303	K	303	146
304	T	304	147
305	I	305	148
306	E	306	149
307	G	307	150
308	I	308	151
309	T	309	152
310	V	310	153
311	T	311	154
312	V	312	155
313	H	313	156
314	M	314	157
315	P	315	158
316	K	316	159
317	V	317	160
318	V	318	161
319	L	319	162
320	N	320	163
321	M	321	164
322	N	322	165
323	L	323	166
324	T	324	167
325	P	325	168
326	T	326	169
327	Q	327	170
328	G	328	171
329	S	329	172
330	Y	330	173
331	T	331	174
332	F	332	175
333	D	333	176
334	P	334	177
335	V	335	178
336	T	336	179
337	K	337	180
338	V	338	181
339	L	339	182
340	A	340	183
341	W	341	184
342	D	342	185
343	V	343	186
344	G	344	187
345	K	345	188
346	I	346	189
347	T	347	190
348	P	348	191
349	Q	349	192
350	K	350	193
351	L	351	194
352	P	352	195
353	S	353	196
354	L	354	197
355	K	355	198
356	G	356	199
357	L	357	200
358	V	358	201
359	N	359	202
360	L	360	203
361	Q	361	204
362	S	362	205
363	G	363	206
367	P	367	210
368	E	368	211
369	E	369	212
370	N	370	213
371	P	371	214
372	N	372	215
373	L	373	216
374	N	374	217
375	I	375	218
376	Q	376	219
377	F	377	220
378	K	378	221
379	I	379	222
380	Q	380	223
381	Q	381	224
382	L	382	225
383	A	383	226
384	I	384	227
385	S	385	228
386	G	386	229
387	L	387	230
388	K	388	231
389	V	389	232
390	N	390	233
391	R	391	234
392	L	392	235
393	D	393	236
394	M	394	237
395	Y	395	238
396	G	396	239
397	E	397	240
398	K	398	241
399	Y	399	242
400	K	400	243
401	P	401	244
402	F	402	245
403	K	403	246
404	G	404	247
405	V	405	248
406	K	406	249
407	Y	407	250
408	I	408	251
409	T	409	252
410	K	410	253
411	A	411	254
412	G	412	255
413	K	413	256
414	F	414	257
415	Q	415	258
416	V	416	259
417	R	417	260
418	T	418	261
