UNIPROT_SEQ_NUM	UNIPROT	PDBResNumAuthor	PDBResNumCIF
38	E	38	23
39	S	39	24
40	A	40	25
41	R	41	26
42	R	42	27
43	E	43	28
44	V	44	29
45	E	45	30
46	S	46	31
47	Q	47	32
48	A	48	33
49	Q	49	34
50	Q	50	35
51	Q	51	36
52	L	52	37
53	E	53	38
54	R	54	39
55	A	55	40
56	K	56	41
57	H	57	42
58	K	58	43
59	P	59	44
60	V	60	45
61	A	61	46
62	F	62	47
63	A	63	48
64	V	64	49
65	R	65	50
66	T	66	51
67	N	67	52
68	V	68	53
69	S	69	54
70	Y	70	55
71	C	71	56
72	G	72	57
73	V	73	58
74	L	74	59
75	D	75	60
76	E	76	61
77	E	77	62
78	C	78	63
79	P	79	64
80	V	80	65
81	Q	81	66
82	G	82	67
83	S	83	68
84	G	84	69
85	V	85	70
86	N	86	71
87	F	87	72
88	E	88	73
89	A	89	74
90	K	90	75
91	D	91	76
92	F	92	77
93	L	93	78
94	H	94	79
95	I	95	80
96	K	96	81
97	E	97	82
98	K	98	83
99	Y	99	84
100	S	100	85
101	N	101	86
102	D	102	87
103	W	103	88
104	W	104	89
105	I	105	90
106	G	106	91
107	R	107	92
108	L	108	93
109	V	109	94
110	K	110	95
111	E	111	96
112	G	112	97
113	G	113	98
114	D	114	99
115	I	115	100
116	A	116	101
117	F	117	102
118	I	118	103
119	P	119	104
120	S	120	105
121	P	121	106
122	Q	122	107
123	R	123	108
124	L	124	109
125	E	125	110
126	S	126	111
127	I	127	112
128	R	128	113
129	L	129	114
130	K	130	115
131	Q	131	116
132	E	132	117
133	Q	133	118
134	K	134	119
135	A	135	120
136	R	136	121
167	H	167	152
168	V	168	153
169	P	169	154
170	P	170	155
171	Y	171	156
172	D	172	157
173	V	173	158
174	V	174	159
175	P	175	160
176	S	176	161
177	M	177	162
178	R	178	163
179	P	179	164
180	V	180	165
181	V	181	166
182	L	182	167
183	V	183	168
184	G	184	169
185	P	185	170
186	S	186	171
187	L	187	172
188	K	188	173
189	G	189	174
190	Y	190	175
191	E	191	176
192	V	192	177
193	T	193	178
194	D	194	179
195	M	195	180
196	M	196	181
197	Q	197	182
198	K	198	183
199	A	199	184
200	L	200	185
201	F	201	186
202	D	202	187
203	F	203	188
204	L	204	189
205	K	205	190
206	H	206	191
207	R	207	192
208	F	208	193
209	D	209	194
210	G	210	195
211	R	211	196
212	I	212	197
213	S	213	198
214	I	214	199
215	T	215	200
216	R	216	201
217	V	217	202
218	T	218	203
219	A	219	204
220	D	220	205
221	L	221	206
222	S	222	207
223	L	223	208
224	A	224	209
246	S	246	231
247	I	247	232
248	A	248	233
249	E	249	234
250	V	250	235
251	Q	251	236
252	S	252	237
253	E	253	238
254	I	254	239
255	E	255	240
256	R	256	241
257	I	257	242
258	F	258	243
259	E	259	244
260	L	260	245
261	A	261	246
262	K	262	247
263	S	263	248
264	L	264	249
265	Q	265	250
266	L	266	251
267	V	267	252
268	V	268	253
269	L	269	254
270	D	270	255
271	A	271	256
272	D	272	257
273	T	273	258
274	I	274	259
275	N	275	260
276	H	276	261
277	P	277	262
278	A	278	263
279	Q	279	264
280	L	280	265
281	A	281	266
282	K	282	267
283	T	283	268
284	S	284	269
285	L	285	270
286	A	286	271
287	P	287	272
288	I	288	273
289	I	289	274
290	V	290	275
291	F	291	276
292	V	292	277
293	K	293	278
294	V	294	279
295	S	295	280
296	S	296	281
297	P	297	282
298	K	298	283
299	V	299	284
300	L	300	285
301	Q	301	286
302	R	302	287
303	L	303	288
304	I	304	289
305	R	305	290
306	S	306	291
307	R	307	292
308	G	308	293
309	K	309	294
310	S	310	295
311	Q	311	296
312	M	312	297
313	K	313	298
314	H	314	299
315	L	315	300
316	T	316	301
317	V	317	302
318	Q	318	303
319	M	319	304
320	M	320	305
321	A	321	306
322	Y	322	307
323	D	323	308
324	K	324	309
325	L	325	310
326	V	326	311
327	Q	327	312
328	C	328	313
329	P	329	314
330	P	330	315
331	E	331	316
332	S	332	317
333	F	333	318
334	D	334	319
335	V	335	320
336	I	336	321
337	L	337	322
338	D	338	323
339	E	339	324
340	N	340	325
341	Q	341	326
342	L	342	327
343	D	343	328
344	D	344	329
345	A	345	330
346	C	346	331
347	E	347	332
348	H	348	333
349	L	349	334
350	A	350	335
351	E	351	336
352	Y	352	337
353	L	353	338
354	E	354	339
355	V	355	340
356	Y	356	341
357	W	357	342
358	R	358	343
359	A	359	344
360	T	360	345
361	H	361	346
362	H	362	347
