UNIPROT_SEQ_NUM	UNIPROT	PDBResNumAuthor	PDBResNumCIF
407	W	396	5
408	H	397	6
409	L	398	7
410	G	399	8
411	I	400	9
412	R	401	10
413	S	402	11
414	Q	403	12
415	S	404	13
416	R	405	14
417	P	406	15
418	N	407	16
419	D	408	17
420	I	409	18
421	M	410	19
422	A	411	20
423	E	412	21
424	V	413	22
425	C	414	23
426	R	415	24
427	A	416	25
428	I	417	26
429	K	418	27
430	Q	419	28
431	L	420	29
432	D	421	30
433	Y	422	31
434	E	423	32
435	W	424	33
436	K	425	34
437	V	426	35
438	V	427	36
439	N	428	37
440	P	429	38
441	Y	430	39
442	Y	431	40
443	L	432	41
444	R	433	42
445	V	434	43
446	R	435	44
447	R	436	45
448	K	437	46
449	N	438	47
450	P	439	48
451	V	440	49
452	T	441	50
453	S	442	51
454	T	443	52
455	F	444	53
456	S	445	54
457	K	446	55
458	M	447	56
459	S	448	57
460	L	449	58
461	Q	450	59
462	L	451	60
463	Y	452	61
464	Q	453	62
465	V	454	63
466	D	455	64
467	S	456	65
468	R	457	66
469	T	458	67
470	Y	459	68
471	L	460	69
472	L	461	70
473	D	462	71
474	F	463	72
475	R	464	73
476	S	465	74
477	I	466	75
478	D	467	76
479	D	468	77
480	E	469	78
535	V	524	133
536	A	525	134
537	P	526	135
538	R	527	136
539	P	528	137
540	G	529	138
541	S	530	139
542	H	531	140
543	T	532	141
544	I	533	142
545	E	534	143
546	F	535	144
547	F	536	145
548	E	537	146
549	M	538	147
550	C	539	148
551	A	540	149
552	N	541	150
553	L	542	151
554	I	543	152
555	K	544	153
556	I	545	154
557	L	546	155
558	A	547	156
559	Q	548	157
