UNIPROT_SEQ_NUM	UNIPROT	PDBResNumAuthor	PDBResNumCIF
55	D	55	5
56	D	56	6
57	H	57	7
58	R	58	8
59	L	59	9
60	S	60	10
61	N	61	11
62	T	62	12
63	E	63	13
64	L	64	14
65	E	65	15
66	Q	66	16
67	K	67	17
68	Y	68	18
69	G	69	19
70	T	70	20
71	N	71	21
72	I	72	22
73	I	73	23
74	Q	74	24
75	G	75	25
76	L	76	26
77	S	77	27
78	S	78	28
79	V	79	29
80	R	80	30
81	A	81	31
82	T	82	32
83	E	83	33
84	L	84	34
85	L	85	35
86	A	86	36
87	R	87	37
88	D	88	38
89	G	89	39
90	P	90	40
91	N	91	41
92	T	92	42
93	L	93	43
94	T	94	44
95	P	95	45
96	P	96	46
97	K	97	47
98	Q	98	48
99	T	99	49
100	P	100	50
101	E	101	51
102	I	102	52
103	I	103	53
104	K	104	54
105	F	105	55
106	L	106	56
107	K	107	57
108	Q	108	58
109	M	109	59
110	V	110	60
111	G	111	61
112	G	112	62
113	F	113	63
114	S	114	64
115	I	115	65
116	L	116	66
117	L	117	67
118	W	118	68
119	I	119	69
120	G	120	70
121	A	121	71
122	A	122	72
123	L	123	73
124	C	124	74
125	W	125	75
126	I	126	76
127	A	127	77
128	F	128	78
129	V	129	79
130	I	130	80
131	Q	131	81
132	Y	132	82
133	V	133	83
134	N	134	84
135	N	135	85
136	S	136	86
137	A	137	87
138	S	138	88
139	L	139	89
140	D	140	90
141	N	141	91
142	V	142	92
143	Y	143	93
144	L	144	94
145	G	145	95
146	A	146	96
147	I	147	97
148	L	148	98
149	V	149	99
150	L	150	100
151	V	151	101
152	V	152	102
153	I	153	103
154	L	154	104
155	T	155	105
156	G	156	106
157	I	157	107
158	F	158	108
159	A	159	109
160	Y	160	110
161	Y	161	111
162	Q	162	112
163	E	163	113
164	A	164	114
165	K	165	115
166	S	166	116
167	T	167	117
168	N	168	118
169	I	169	119
170	M	170	120
171	A	171	121
172	S	172	122
173	F	173	123
174	S	174	124
175	K	175	125
176	M	176	126
177	I	177	127
178	P	178	128
179	Q	179	129
180	Q	180	130
181	A	181	131
182	L	182	132
183	V	183	133
184	I	184	134
185	R	185	135
186	D	186	136
187	A	187	137
188	E	188	138
189	K	189	139
190	K	190	140
191	V	191	141
192	I	192	142
193	S	193	143
194	A	194	144
195	E	195	145
196	Q	196	146
197	L	197	147
198	V	198	148
199	V	199	149
200	G	200	150
201	D	201	151
202	V	202	152
203	V	203	153
204	E	204	154
205	I	205	155
206	K	206	156
207	G	207	157
208	G	208	158
209	D	209	159
210	Q	210	160
211	I	211	161
212	P	212	162
213	A	213	163
214	D	214	164
215	I	215	165
216	R	216	166
217	L	217	167
218	V	218	168
219	F	219	169
220	S	220	170
221	Q	221	171
222	G	222	172
223	C	223	173
224	K	224	174
225	V	225	175
226	D	226	176
227	N	227	177
228	S	228	178
229	S	229	179
230	L	230	180
231	T	231	181
232	G	232	182
233	E	233	183
234	S	234	184
235	E	235	185
236	P	236	186
237	Q	237	187
238	A	238	188
239	R	239	189
240	S	240	190
241	T	241	191
242	E	242	192
243	F	243	193
244	T	244	194
245	H	245	195
246	E	246	196
247	N	247	197
248	P	248	198
249	L	249	199
250	E	250	200
251	T	251	201
252	K	252	202
253	N	253	203
254	I	254	204
255	G	255	205
256	F	256	206
257	Y	257	207
258	S	258	208
259	T	259	209
260	T	260	210
261	C	261	211
262	L	262	212
263	E	263	213
264	G	264	214
265	T	265	215
266	A	266	216
267	T	267	217
268	G	268	218
269	I	269	219
270	V	270	220
271	I	271	221
272	N	272	222
273	T	273	223
274	G	274	224
275	D	275	225
276	R	276	226
277	T	277	227
278	I	278	228
279	I	279	229
280	G	280	230
281	R	281	231
282	I	282	232
283	A	283	233
284	S	284	234
285	L	285	235
286	A	286	236
287	S	287	237
288	G	288	238
289	V	289	239
290	G	290	240
291	S	291	241
292	E	292	242
293	K	293	243
294	T	294	244
295	P	295	245
296	I	296	246
297	A	297	247
298	I	298	248
299	E	299	249
300	I	300	250
301	E	301	251
302	H	302	252
303	F	303	253
304	V	304	254
305	H	305	255
306	I	306	256
307	V	307	257
308	A	308	258
309	G	309	259
310	V	310	260
311	A	311	261
312	V	312	262
313	S	313	263
314	I	314	264
315	D	315	265
316	I	316	266
317	I	317	267
318	F	318	268
319	F	319	269
320	I	320	270
321	T	321	271
322	A	322	272
323	V	323	273
324	C	324	274
325	M	325	275
326	K	326	276
327	Y	327	277
328	Y	328	278
329	V	329	279
330	L	330	280
331	D	331	281
332	A	332	282
333	I	333	283
334	I	334	284
335	F	335	285
336	L	336	286
337	I	337	287
338	S	338	288
339	I	339	289
340	I	340	290
341	V	341	291
342	A	342	292
343	N	343	293
344	V	344	294
345	P	345	295
346	E	346	296
347	G	347	297
348	L	348	298
349	L	349	299
350	A	350	300
351	T	351	301
352	V	352	302
353	T	353	303
354	V	354	304
355	T	355	305
356	L	356	306
357	S	357	307
358	L	358	308
359	T	359	309
360	A	360	310
361	K	361	311
362	R	362	312
363	M	363	313
364	A	364	314
365	K	365	315
366	K	366	316
367	N	367	317
368	C	368	318
369	L	369	319
370	V	370	320
371	K	371	321
372	N	372	322
373	L	373	323
374	E	374	324
375	A	375	325
376	V	376	326
377	E	377	327
378	T	378	328
379	L	379	329
380	G	380	330
381	S	381	331
382	T	382	332
383	S	383	333
384	I	384	334
385	I	385	335
386	C	386	336
387	S	387	337
388	D	388	338
389	K	389	339
390	T	390	340
391	G	391	341
392	T	392	342
393	L	393	343
394	T	394	344
395	Q	395	345
396	N	396	346
397	R	397	347
398	M	398	348
399	T	399	349
400	V	400	350
401	A	401	351
402	H	402	352
403	L	403	353
404	W	404	354
405	F	405	355
406	D	406	356
407	N	407	357
408	Q	408	358
409	I	409	359
410	F	410	360
411	V	411	361
412	A	412	362
413	D	413	363
414	T	414	364
415	S	415	365
416	E	416	366
417	N	417	367
418	Q	418	368
419	T	419	369
420	K	420	370
421	Q	421	371
422	A	422	372
423	F	423	373
424	D	424	374
425	Q	425	375
426	S	426	376
427	S	427	377
428	G	428	378
429	T	429	379
430	W	430	380
431	A	431	381
432	S	432	382
433	L	433	383
434	S	434	384
435	K	435	385
436	I	436	386
437	I	437	387
438	T	438	388
439	L	439	389
440	C	440	390
441	N	441	391
442	R	442	392
443	A	443	393
444	E	444	394
445	F	445	395
446	R	446	396
447	P	447	397
448	G	448	398
449	Q	449	399
450	E	450	400
451	S	451	401
452	V	452	402
453	P	453	403
454	I	454	404
455	M	455	405
456	K	456	406
457	R	457	407
458	T	458	408
459	V	459	409
460	V	460	410
461	G	461	411
462	D	462	412
463	A	463	413
464	S	464	414
465	E	465	415
466	T	466	416
467	A	467	417
468	L	468	418
469	L	469	419
470	K	470	420
471	F	471	421
472	S	472	422
473	E	473	423
474	V	474	424
475	I	475	425
476	L	476	426
477	G	477	427
478	D	478	428
479	V	479	429
480	M	480	430
481	G	481	431
482	I	482	432
483	R	483	433
484	K	484	434
485	R	485	435
486	N	486	436
487	H	487	437
488	K	488	438
489	V	489	439
490	A	490	440
491	E	491	441
492	I	492	442
493	P	493	443
494	F	494	444
495	N	495	445
496	S	496	446
497	T	497	447
498	N	498	448
499	K	499	449
500	F	500	450
501	Q	501	451
502	L	502	452
503	S	503	453
504	I	504	454
505	H	505	455
506	E	506	456
507	T	507	457
508	E	508	458
509	D	509	459
510	P	510	460
511	N	511	461
512	N	512	462
513	K	513	463
514	R	514	464
515	F	515	465
516	L	516	466
517	V	517	467
518	V	518	468
519	M	519	469
520	K	520	470
521	G	521	471
522	A	522	472
523	P	523	473
524	E	524	474
525	R	525	475
526	I	526	476
527	L	527	477
528	E	528	478
529	K	529	479
530	C	530	480
531	S	531	481
532	T	532	482
533	I	533	483
534	M	534	484
535	I	535	485
536	N	536	486
537	G	537	487
538	Q	538	488
539	E	539	489
540	Q	540	490
541	P	541	491
542	L	542	492
543	D	543	493
544	K	544	494
545	S	545	495
546	S	546	496
547	A	547	497
548	D	548	498
549	S	549	499
550	F	550	500
551	H	551	501
552	T	552	502
553	A	553	503
554	Y	554	504
555	M	555	505
556	E	556	506
557	L	557	507
558	G	558	508
559	G	559	509
560	L	560	510
561	G	561	511
562	E	562	512
563	R	563	513
564	V	564	514
565	L	565	515
566	G	566	516
567	F	567	517
568	C	568	518
569	H	569	519
570	L	570	520
571	Y	571	521
572	L	572	522
573	P	573	523
574	A	574	524
575	E	575	525
576	Q	576	526
577	F	577	527
578	P	578	528
579	Q	579	529
580	S	580	530
581	Y	581	531
582	I	582	532
583	F	583	533
584	D	584	534
585	V	585	535
586	D	586	536
587	S	587	537
588	V	588	538
589	N	589	539
590	F	590	540
591	P	591	541
592	T	592	542
593	S	593	543
594	N	594	544
595	F	595	545
596	C	596	546
597	F	597	547
598	V	598	548
599	G	599	549
600	L	600	550
601	L	601	551
602	S	602	552
603	M	603	553
604	I	604	554
605	D	605	555
606	P	606	556
607	P	607	557
608	R	608	558
609	S	609	559
610	T	610	560
611	V	611	561
612	P	612	562
613	D	613	563
614	A	614	564
615	V	615	565
616	S	616	566
617	K	617	567
618	C	618	568
619	R	619	569
620	S	620	570
621	A	621	571
622	G	622	572
623	I	623	573
624	K	624	574
625	V	625	575
626	I	626	576
627	M	627	577
628	V	628	578
629	T	629	579
630	G	630	580
631	D	631	581
632	H	632	582
633	P	633	583
634	I	634	584
635	T	635	585
636	A	636	586
637	K	637	587
638	A	638	588
639	I	639	589
640	A	640	590
641	K	641	591
642	S	642	592
643	V	643	593
644	G	644	594
645	I	645	595
646	I	646	596
647	S	647	597
648	A	648	598
649	N	649	599
650	N	650	600
651	E	651	601
652	T	652	602
653	V	653	603
654	E	654	604
655	D	655	605
656	I	656	606
657	A	657	607
658	K	658	608
659	R	659	609
660	R	660	610
661	N	661	611
662	I	662	612
663	A	663	613
664	V	664	614
665	E	665	615
666	Q	666	616
667	V	667	617
668	N	668	618
669	K	669	619
670	R	670	620
671	E	671	621
672	A	672	622
673	K	673	623
674	A	674	624
675	A	675	625
676	V	676	626
677	V	677	627
678	T	678	628
679	G	679	629
680	M	680	630
681	E	681	631
682	L	682	632
683	K	683	633
684	D	684	634
685	M	685	635
686	T	686	636
687	P	687	637
688	E	688	638
689	Q	689	639
690	L	690	640
691	D	691	641
692	E	692	642
693	L	693	643
694	L	694	644
695	T	695	645
696	N	696	646
697	Y	697	647
698	Q	698	648
699	E	699	649
700	I	700	650
701	V	701	651
702	F	702	652
703	A	703	653
704	R	704	654
705	T	705	655
706	S	706	656
707	P	707	657
708	Q	708	658
709	Q	709	659
710	K	710	660
711	L	711	661
712	I	712	662
713	I	713	663
714	V	714	664
715	E	715	665
716	G	716	666
717	C	717	667
718	Q	718	668
719	R	719	669
720	Q	720	670
721	D	721	671
722	A	722	672
723	I	723	673
724	V	724	674
725	A	725	675
726	V	726	676
727	T	727	677
728	G	728	678
729	D	729	679
730	G	730	680
731	V	731	681
732	N	732	682
733	D	733	683
734	S	734	684
735	P	735	685
736	A	736	686
737	L	737	687
738	K	738	688
739	K	739	689
740	A	740	690
741	D	741	691
742	I	742	692
743	G	743	693
744	I	744	694
745	A	745	695
746	M	746	696
747	G	747	697
748	I	748	698
749	A	749	699
750	G	750	700
751	S	751	701
752	D	752	702
753	A	753	703
754	A	754	704
755	K	755	705
756	N	756	706
757	A	757	707
758	A	758	708
759	D	759	709
760	M	760	710
761	V	761	711
762	L	762	712
763	L	763	713
764	D	764	714
765	D	765	715
766	N	766	716
767	F	767	717
768	A	768	718
769	S	769	719
770	I	770	720
771	V	771	721
772	T	772	722
773	G	773	723
774	V	774	724
775	E	775	725
776	E	776	726
777	G	777	727
778	R	778	728
779	L	779	729
780	I	780	730
781	F	781	731
782	D	782	732
783	N	783	733
784	L	784	734
785	K	785	735
786	K	786	736
787	T	787	737
788	I	788	738
789	A	789	739
790	Y	790	740
791	T	791	741
792	L	792	742
793	T	793	743
794	K	794	744
795	N	795	745
796	I	796	746
797	A	797	747
798	E	798	748
799	L	799	749
800	C	800	750
801	P	801	751
802	F	802	752
803	L	803	753
804	I	804	754
805	Y	805	755
806	I	806	756
807	V	807	757
808	A	808	758
809	G	809	759
810	L	810	760
811	P	811	761
812	L	812	762
813	P	813	763
814	I	814	764
815	G	815	765
816	T	816	766
817	I	817	767
818	T	818	768
819	I	819	769
820	L	820	770
821	F	821	771
822	I	822	772
823	D	823	773
824	L	824	774
825	G	825	775
826	T	826	776
827	D	827	777
828	I	828	778
829	I	829	779
830	P	830	780
831	S	831	781
832	I	832	782
833	A	833	783
834	L	834	784
835	A	835	785
836	Y	836	786
837	E	837	787
838	K	838	788
839	A	839	789
840	E	840	790
841	S	841	791
842	D	842	792
843	I	843	793
844	M	844	794
845	N	845	795
846	R	846	796
847	K	847	797
848	P	848	798
849	R	849	799
850	H	850	800
851	K	851	801
852	K	852	802
853	K	853	803
854	D	854	804
855	R	855	805
856	L	856	806
857	V	857	807
858	N	858	808
859	T	859	809
860	Q	860	810
861	L	861	811
862	A	862	812
863	I	863	813
864	Y	864	814
865	S	865	815
866	Y	866	816
867	L	867	817
868	H	868	818
869	I	869	819
870	G	870	820
871	L	871	821
872	M	872	822
873	Q	873	823
874	A	874	824
875	L	875	825
876	G	876	826
877	G	877	827
878	F	878	828
879	L	879	829
880	V	880	830
881	Y	881	831
882	F	882	832
883	T	883	833
884	V	884	834
885	Y	885	835
886	A	886	836
887	Q	887	837
888	Q	888	838
889	G	889	839
890	F	890	840
891	W	891	841
892	P	892	842
893	T	893	843
894	S	894	844
895	L	895	845
896	I	896	846
897	N	897	847
898	L	898	848
899	R	899	849
900	V	900	850
901	A	901	851
902	W	902	852
903	E	903	853
904	T	904	854
905	D	905	855
906	D	906	856
907	I	907	857
908	N	908	858
909	D	909	859
910	L	910	860
911	E	911	861
912	D	912	862
913	S	913	863
914	Y	914	864
915	G	915	865
916	Q	916	866
917	E	917	867
918	W	918	868
919	T	919	869
920	R	920	870
921	Y	921	871
922	Q	922	872
923	R	923	873
924	K	924	874
925	Y	925	875
926	L	926	876
927	E	927	877
928	W	928	878
929	T	929	879
930	G	930	880
931	S	931	881
932	T	932	882
933	A	933	883
934	F	934	884
935	F	935	885
936	V	936	886
937	A	937	887
938	I	938	888
939	M	939	889
940	I	940	890
941	Q	941	891
942	Q	942	892
943	I	943	893
944	A	944	894
945	D	945	895
946	L	946	896
947	I	947	897
948	I	948	898
949	R	949	899
950	K	950	900
951	T	951	901
952	R	952	902
953	R	953	903
954	N	954	904
955	S	955	905
956	I	956	906
957	F	957	907
958	Q	958	908
959	Q	959	909
960	G	960	910
961	L	961	911
962	F	962	912
963	R	963	913
964	N	964	914
965	K	965	915
966	V	966	916
967	I	967	917
968	W	968	918
969	V	969	919
970	G	970	920
971	I	971	921
972	A	972	922
973	S	973	923
974	Q	974	924
975	V	975	925
976	I	976	926
977	V	977	927
978	A	978	928
979	L	979	929
980	I	980	930
981	L	981	931
982	S	982	932
983	Y	983	933
984	G	984	934
985	L	985	935
986	G	986	936
987	S	987	937
988	V	988	938
989	P	989	939
990	A	990	940
991	L	991	941
992	S	992	942
993	F	993	943
994	T	994	944
995	M	995	945
996	L	996	946
997	R	997	947
998	V	998	948
999	Q	999	949
1000	Y	1000	950
1001	W	1001	951
1002	F	1002	952
1003	V	1003	953
1004	A	1004	954
1005	V	1005	955
1006	P	1006	956
1007	H	1007	957
1008	A	1008	958
1009	I	1009	959
1010	L	1010	960
1011	I	1011	961
1012	W	1012	962
1013	V	1013	963
1014	Y	1014	964
1015	D	1015	965
1016	E	1016	966
1017	M	1017	967
1018	R	1018	968
1019	K	1019	969
1020	L	1020	970
1021	F	1021	971
1022	I	1022	972
1023	R	1023	973
1024	L	1024	974
1025	Y	1025	975
1026	P	1026	976
1027	G	1027	977
1028	S	1028	978
1029	W	1029	979
1030	W	1030	980
1031	D	1031	981
1032	K	1032	982
1033	N	1033	983
1034	M	1034	984
1035	Y	1035	985
1036	Y	1036	986
