UNIPROT_SEQ_NUM	UNIPROT	PDBResNumAuthor	PDBResNumCIF
2	A	2	1
3	D	3	2
4	P	4	3
5	A	5	4
6	E	6	5
7	C	7	6
8	S	8	7
9	I	9	8
10	K	10	9
11	V	11	10
12	M	12	11
13	C	13	12
14	R	14	13
15	F	15	14
16	R	16	15
17	P	17	16
18	L	18	17
19	N	19	18
20	E	20	19
21	A	21	20
22	E	22	21
23	I	23	22
24	L	24	23
25	R	25	24
26	G	26	25
27	D	27	26
28	K	28	27
29	F	29	28
30	I	30	29
31	P	31	30
32	K	32	31
33	F	33	32
34	K	34	33
35	G	35	34
36	E	36	35
37	E	37	36
38	T	38	37
39	V	39	38
40	V	40	39
41	I	41	40
42	G	42	41
43	Q	43	42
44	G	44	43
45	K	45	44
46	P	46	45
47	Y	47	46
48	V	48	47
49	F	49	48
50	D	50	49
51	R	51	50
52	V	52	51
53	L	53	52
54	P	54	53
55	P	55	54
56	N	56	55
57	T	57	56
58	T	58	57
59	Q	59	58
60	E	60	59
61	Q	61	60
62	V	62	61
63	Y	63	62
64	N	64	63
65	A	65	64
66	C	66	65
67	A	67	66
68	K	68	67
69	Q	69	68
70	I	70	69
71	V	71	70
72	K	72	71
73	D	73	72
74	V	74	73
75	L	75	74
76	E	76	75
77	G	77	76
78	Y	78	77
79	N	79	78
80	G	80	79
81	T	81	80
82	I	82	81
83	F	83	82
84	A	84	83
85	Y	85	84
86	G	86	85
87	Q	87	86
88	T	88	87
89	S	89	88
90	S	90	89
91	G	91	90
92	K	92	91
93	T	93	92
94	H	94	93
95	T	95	94
96	M	96	95
97	E	97	96
98	G	98	97
99	K	99	98
100	L	100	99
101	H	101	100
102	D	102	101
103	P	103	102
104	Q	104	103
105	L	105	104
106	M	106	105
107	G	107	106
108	I	108	107
109	I	109	108
110	P	110	109
111	R	111	110
112	I	112	111
113	A	113	112
114	H	114	113
115	D	115	114
116	I	116	115
117	F	117	116
118	D	118	117
119	H	119	118
120	I	120	119
121	Y	121	120
122	S	122	121
123	M	123	122
124	D	124	123
125	E	125	124
126	N	126	125
127	L	127	126
128	E	128	127
129	F	129	128
130	H	130	129
131	I	131	130
132	K	132	131
133	V	133	132
134	S	134	133
135	Y	135	134
136	F	136	135
137	E	137	136
138	I	138	137
139	Y	139	138
140	L	140	139
141	D	141	140
142	K	142	141
143	I	143	142
144	R	144	143
145	D	145	144
146	L	146	145
147	L	147	146
148	D	148	147
149	V	149	148
150	S	150	149
151	K	151	150
152	T	152	151
153	N	153	152
154	L	154	153
155	A	155	154
156	V	156	155
157	H	157	156
158	E	158	157
159	D	159	158
160	K	160	159
161	N	161	160
162	R	162	161
163	V	163	162
164	P	164	163
165	Y	165	164
166	V	166	165
167	K	167	166
168	G	168	167
169	C	169	168
170	T	170	169
171	E	171	170
172	R	172	171
173	F	173	172
174	V	174	173
175	S	175	174
176	S	176	175
177	P	177	176
178	E	178	177
179	E	179	178
180	V	180	179
181	M	181	180
182	D	182	181
183	V	183	182
184	I	184	183
185	D	185	184
186	E	186	185
187	G	187	186
188	K	188	187
189	A	189	188
190	N	190	189
191	R	191	190
192	H	192	191
193	V	193	192
194	A	194	193
195	V	195	194
196	T	196	195
197	N	197	196
198	M	198	197
199	N	199	198
200	E	200	199
201	H	201	200
202	S	202	201
203	S	203	202
204	R	204	203
205	S	205	204
206	H	206	205
207	S	207	206
208	I	208	207
209	F	209	208
210	L	210	209
211	I	211	210
212	N	212	211
213	I	213	212
214	K	214	213
215	Q	215	214
216	E	216	215
217	N	217	216
218	V	218	217
219	E	219	218
220	T	220	219
221	E	221	220
222	K	222	221
223	K	223	222
224	L	224	223
225	S	225	224
226	G	226	225
227	K	227	226
228	L	228	227
229	Y	229	228
230	L	230	229
231	V	231	230
232	D	232	231
233	L	233	232
234	A	234	233
235	G	235	234
236	S	236	235
237	E	237	236
238	K	238	237
239	V	239	238
