UNIPROT_SEQ_NUM	UNIPROT	PDBResNumAuthor	PDBResNumCIF
16	A	16	16
17	I	17	17
18	H	18	18
19	R	19	19
20	I	20	20
21	R	21	21
22	I	22	22
23	T	23	23
24	L	24	24
25	T	25	25
26	S	26	26
27	R	27	27
28	N	28	28
29	V	29	29
30	K	30	30
31	S	31	31
32	L	32	32
33	E	33	33
34	K	34	34
35	V	35	35
36	C	36	36
37	A	37	37
38	D	38	38
39	L	39	39
40	I	40	40
41	R	41	41
42	G	42	42
43	A	43	43
44	K	44	44
45	E	45	45
46	K	46	46
47	N	47	47
48	L	48	48
49	K	49	49
50	V	50	50
51	K	51	51
52	G	52	52
53	P	53	53
54	V	54	54
55	R	55	55
56	M	56	56
57	P	57	57
58	T	58	58
59	K	59	59
60	T	60	60
61	L	61	61
62	R	62	62
63	I	63	63
64	T	64	64
65	T	65	65
66	R	66	66
67	K	67	67
68	T	68	68
69	P	69	69
70	C	70	70
71	G	71	71
72	E	72	72
73	G	73	73
74	S	74	74
75	K	75	75
76	T	76	76
77	W	77	77
78	D	78	78
79	R	79	79
80	F	80	80
81	Q	81	81
82	M	82	82
83	R	83	83
84	I	84	84
85	H	85	85
86	K	86	86
87	R	87	87
88	L	88	88
89	I	89	89
90	D	90	90
91	L	91	91
92	H	92	92
93	S	93	93
94	P	94	94
95	S	95	95
96	E	96	96
97	I	97	97
98	V	98	98
99	K	99	99
100	Q	100	100
101	I	101	101
102	T	102	102
103	S	103	103
104	I	104	104
105	S	105	105
106	I	106	106
107	E	107	107
108	P	108	108
109	G	109	109
110	V	110	110
111	E	111	111
112	V	112	112
113	E	113	113
114	V	114	114
115	T	115	115
116	I	116	116
117	A	117	117
118	D	118	118
119	A	119	119
