UNIPROT_SEQ_NUM	UNIPROT	PDBResNumAuthor	PDBResNumCIF
11	L	11	11
12	E	12	12
13	E	13	13
14	M	14	14
15	Q	15	15
16	R	16	16
17	R	17	17
18	A	18	18
19	D	19	19
20	Q	20	20
21	L	21	21
22	A	22	22
23	D	23	23
24	E	24	24
25	S	25	25
26	L	26	26
27	E	27	27
28	S	28	28
29	T	29	29
30	R	30	30
31	R	31	31
32	M	32	32
33	L	33	33
34	Q	34	34
35	L	35	35
36	V	36	36
37	E	37	37
38	E	38	38
39	S	39	39
40	K	40	40
41	D	41	41
42	A	42	42
43	G	43	43
44	I	44	44
45	R	45	45
46	T	46	46
47	L	47	47
48	V	48	48
49	M	49	49
50	L	50	50
51	D	51	51
52	E	52	52
53	Q	53	53
54	G	54	54
55	E	55	55
56	Q	56	56
57	L	57	57
58	E	58	58
59	R	59	59
60	I	60	60
61	E	61	61
62	E	62	62
63	G	63	63
64	M	64	64
65	D	65	65
66	Q	66	66
67	I	67	67
68	N	68	68
69	K	69	69
70	D	70	70
71	M	71	71
72	K	72	72
