UNIPROT_SEQ_NUM	UNIPROT	PDBResNumAuthor	PDBResNumCIF
3	R	3	3
4	G	4	4
5	S	5	5
6	S	6	6
7	A	7	7
8	G	8	8
9	F	9	9
10	D	10	10
11	R	11	11
12	H	12	12
13	I	13	13
14	T	14	14
15	I	15	15
16	F	16	16
17	S	17	17
18	P	18	18
19	E	19	19
20	G	20	20
21	R	21	21
22	L	22	22
23	Y	23	23
24	Q	24	24
25	V	25	25
26	E	26	26
27	Y	27	27
28	A	28	28
29	F	29	29
30	K	30	30
31	A	31	31
32	I	32	32
33	N	33	33
34	Q	34	34
35	G	35	35
36	G	36	36
37	L	37	37
38	T	38	38
39	S	39	39
40	V	40	40
41	A	41	41
42	V	42	42
43	R	43	43
44	G	44	44
45	K	45	45
46	D	46	46
47	C	47	47
48	A	48	48
49	V	49	49
50	I	50	50
51	V	51	51
52	T	52	52
53	Q	53	53
54	K	54	54
55	K	55	55
56	V	56	56
57	P	57	57
58	D	58	58
59	K	59	59
60	L	60	60
61	L	61	61
62	D	62	62
63	S	63	63
64	S	64	64
65	T	65	65
66	V	66	66
67	T	67	67
68	H	68	68
69	L	69	69
70	F	70	70
71	K	71	71
72	I	72	72
73	T	73	73
74	E	74	74
75	N	75	75
76	I	76	76
77	G	77	77
78	C	78	78
79	V	79	79
80	M	80	80
81	T	81	81
82	G	82	82
83	M	83	83
84	T	84	84
85	A	85	85
86	D	86	86
87	S	87	87
88	R	88	88
89	S	89	89
90	Q	90	90
91	V	91	91
92	Q	92	92
93	R	93	93
94	A	94	94
95	R	95	95
96	Y	96	96
97	E	97	97
98	A	98	98
99	A	99	99
100	N	100	100
101	W	101	101
102	K	102	102
103	Y	103	103
104	K	104	104
105	Y	105	105
106	G	106	106
107	Y	107	107
108	E	108	108
109	I	109	109
110	P	110	110
111	V	111	111
112	D	112	112
113	M	113	113
114	L	114	114
115	C	115	115
116	K	116	116
117	R	117	117
118	I	118	118
119	A	119	119
120	D	120	120
121	I	121	121
122	S	122	122
123	Q	123	123
124	V	124	124
125	Y	125	125
126	T	126	126
127	Q	127	127
128	N	128	128
129	A	129	129
130	E	130	130
131	M	131	131
132	R	132	132
133	P	133	133
134	L	134	134
135	G	135	135
136	C	136	136
137	C	137	137
138	M	138	138
139	I	139	139
140	L	140	140
141	I	141	141
142	G	142	142
143	I	143	143
144	D	144	144
145	E	145	145
146	E	146	146
147	Q	147	147
148	G	148	148
149	P	149	149
150	Q	150	150
151	V	151	151
152	Y	152	152
153	K	153	153
154	C	154	154
155	D	155	155
156	P	156	156
157	A	157	157
158	G	158	158
159	Y	159	159
160	Y	160	160
161	C	161	161
162	G	162	162
163	F	163	163
164	K	164	164
165	A	165	165
166	T	166	166
167	A	167	167
168	A	168	168
169	G	169	169
170	V	170	170
171	K	171	171
172	Q	172	172
173	T	173	173
174	E	174	174
175	S	175	175
176	T	176	176
177	S	177	177
178	F	178	178
179	L	179	179
180	E	180	180
181	K	181	181
182	K	182	182
183	V	183	183
184	K	184	184
185	K	185	185
186	K	186	186
187	F	187	187
188	D	188	188
189	W	189	189
190	T	190	190
191	F	191	191
192	E	192	192
193	Q	193	193
194	T	194	194
195	V	195	195
196	E	196	196
197	T	197	197
198	A	198	198
199	I	199	199
200	T	200	200
201	C	201	201
202	L	202	202
203	S	203	203
204	T	204	204
205	V	205	205
206	L	206	206
207	S	207	207
208	I	208	208
209	D	209	209
210	F	210	210
211	K	211	211
212	P	212	212
213	S	213	213
214	E	214	214
215	I	215	215
216	E	216	216
217	V	217	217
218	G	218	218
219	V	219	219
220	V	220	220
221	T	221	221
222	V	222	222
223	E	223	223
224	N	224	224
225	P	225	225
226	K	226	226
227	F	227	227
228	R	228	228
229	I	229	229
230	L	230	230
231	T	231	231
232	E	232	232
233	A	233	233
234	E	234	234
235	I	235	235
236	D	236	236
237	A	237	237
238	H	238	238
239	L	239	239
240	V	240	240
241	A	241	241
242	L	242	242
