UNIPROT_SEQ_NUM	UNIPROT	PDBResNumAuthor	PDBResNumCIF
4	I	4	16
5	G	5	17
6	L	6	18
7	K	7	19
8	A	8	20
9	V	9	21
10	V	10	22
11	G	11	23
12	E	12	24
13	K	13	25
14	I	14	26
15	M	15	27
16	H	16	28
17	D	17	29
18	V	18	30
19	I	19	31
20	K	20	32
21	K	21	33
22	V	22	34
23	K	23	35
24	K	24	36
25	K	25	37
26	G	26	38
27	E	27	39
28	W	28	40
29	K	29	41
30	V	30	42
31	L	31	43
32	V	32	44
33	V	33	45
34	D	34	46
35	Q	35	47
36	L	36	48
37	S	37	49
38	M	38	50
39	R	39	51
40	M	40	52
41	L	41	53
42	S	42	54
43	S	43	55
44	C	44	56
45	C	45	57
46	K	46	58
47	M	47	59
48	T	48	60
49	D	49	61
50	I	50	62
51	M	51	63
52	T	52	64
53	E	53	65
54	G	54	66
55	I	55	67
56	T	56	68
57	I	57	69
58	V	58	70
59	E	59	71
60	D	60	72
61	I	61	73
62	N	62	74
63	K	63	75
64	R	64	76
65	R	65	77
66	E	66	78
67	P	67	79
68	L	68	80
69	P	69	81
70	S	70	82
71	L	71	83
72	E	72	84
73	A	73	85
74	V	74	86
75	Y	75	87
76	L	76	88
77	I	77	89
78	T	78	90
79	P	79	91
80	S	80	92
81	E	81	93
82	K	82	94
83	S	83	95
84	V	84	96
85	H	85	97
86	S	86	98
87	L	87	99
88	I	88	100
89	S	89	101
90	D	90	102
91	F	91	103
92	K	92	104
93	D	93	105
94	P	94	106
95	P	95	107
96	T	96	108
97	A	97	109
98	K	98	110
99	Y	99	111
100	R	100	112
101	A	101	113
102	A	102	114
103	H	103	115
104	V	104	116
105	F	105	117
106	F	106	118
107	T	107	119
108	D	108	120
109	S	109	121
110	C	110	122
111	P	111	123
112	D	112	124
113	A	113	125
114	L	114	126
115	F	115	127
116	N	116	128
117	E	117	129
118	L	118	130
119	V	119	131
120	K	120	132
121	S	121	133
122	R	122	134
123	A	123	135
124	A	124	136
125	K	125	137
126	V	126	138
127	I	127	139
128	K	128	140
129	T	129	141
130	L	130	142
131	T	131	143
132	E	132	144
133	I	133	145
134	N	134	146
135	I	135	147
136	A	136	148
137	F	137	149
138	L	138	150
139	P	139	151
140	Y	140	152
141	E	141	153
142	S	142	154
143	Q	143	155
144	V	144	156
145	Y	145	157
146	S	146	158
147	L	147	159
148	D	148	160
149	S	149	161
150	A	150	162
151	D	151	163
152	S	152	164
153	F	153	165
154	Q	154	166
155	S	155	167
156	F	156	168
157	Y	157	169
158	S	158	170
159	P	159	171
160	H	160	172
161	K	161	173
162	A	162	174
163	Q	163	175
164	M	164	176
165	K	165	177
166	N	166	178
167	P	167	179
168	I	168	180
169	L	169	181
170	E	170	182
171	R	171	183
172	L	172	184
173	A	173	185
174	E	174	186
175	Q	175	187
176	I	176	188
177	A	177	189
178	T	178	190
179	L	179	191
180	C	180	192
181	A	181	193
182	T	182	194
183	L	183	195
184	K	184	196
185	E	185	197
186	Y	186	198
187	P	187	199
188	A	188	200
189	V	189	201
190	R	190	202
191	Y	191	203
192	R	192	204
193	G	193	205
194	E	194	206
195	Y	195	207
196	K	196	208
197	D	197	209
198	N	198	210
199	A	199	211
200	L	200	212
201	L	201	213
202	A	202	214
203	Q	203	215
204	L	204	216
205	I	205	217
206	Q	206	218
207	D	207	219
208	K	208	220
209	L	209	221
210	D	210	222
211	A	211	223
212	Y	212	224
213	K	213	225
214	A	214	226
215	D	215	227
216	D	216	228
217	P	217	229
218	T	218	230
219	M	219	231
220	G	220	232
221	E	221	233
222	G	222	234
223	P	223	235
224	D	224	236
225	K	225	237
226	A	226	238
227	R	227	239
228	S	228	240
229	Q	229	241
230	L	230	242
231	L	231	243
232	I	232	244
233	L	233	245
234	D	234	246
235	R	235	247
236	G	236	248
237	F	237	249
238	D	238	250
239	P	239	251
240	S	240	252
241	S	241	253
242	P	242	254
243	V	243	255
244	L	244	256
245	H	245	257
246	E	246	258
247	L	247	259
248	T	248	260
249	F	249	261
250	Q	250	262
251	A	251	263
252	M	252	264
253	S	253	265
254	Y	254	266
255	D	255	267
256	L	256	268
257	L	257	269
258	P	258	270
259	I	259	271
260	E	260	272
261	N	261	273
262	D	262	274
263	V	263	275
264	Y	264	276
265	K	265	277
266	Y	266	278
267	E	267	279
268	T	268	280
269	S	269	281
270	G	270	282
271	I	271	283
272	G	272	284
273	E	273	285
274	A	274	286
275	R	275	287
276	V	276	288
277	K	277	289
278	E	278	290
279	V	279	291
280	L	280	292
281	L	281	293
282	D	282	294
283	E	283	295
284	D	284	296
285	D	285	297
286	D	286	298
287	L	287	299
288	W	288	300
289	I	289	301
290	A	290	302
291	L	291	303
292	R	292	304
293	H	293	305
294	K	294	306
295	H	295	307
296	I	296	308
297	A	297	309
298	E	298	310
299	V	299	311
300	S	300	312
301	Q	301	313
302	E	302	314
303	V	303	315
304	T	304	316
305	R	305	317
306	S	306	318
307	L	307	319
308	K	308	320
309	D	309	321
310	F	310	322
311	S	311	323
312	S	312	324
313	S	313	325
314	K	314	326
315	R	315	327
316	M	316	328
324	M	324	336
325	R	325	337
326	D	326	338
327	L	327	339
328	S	328	340
329	Q	329	341
330	M	330	342
331	L	331	343
332	K	332	344
333	K	333	345
334	M	334	346
335	P	335	347
336	Q	336	348
337	Y	337	349
338	Q	338	350
339	K	339	351
340	E	340	352
341	L	341	353
342	S	342	354
343	K	343	355
344	Y	344	356
345	S	345	357
346	T	346	358
347	H	347	359
348	L	348	360
349	H	349	361
350	L	350	362
351	A	351	363
352	E	352	364
353	D	353	365
354	C	354	366
355	M	355	367
356	K	356	368
357	H	357	369
358	Y	358	370
359	Q	359	371
360	G	360	372
361	T	361	373
362	V	362	374
363	D	363	375
364	K	364	376
365	L	365	377
366	C	366	378
367	R	367	379
368	V	368	380
369	E	369	381
370	Q	370	382
371	D	371	383
372	L	372	384
373	A	373	385
374	M	374	386
375	G	375	387
376	T	376	388
377	D	377	389
378	A	378	390
379	E	379	391
380	G	380	392
381	E	381	393
382	K	382	394
383	I	383	395
384	K	384	396
385	D	385	397
386	P	386	398
387	M	387	399
388	R	388	400
389	A	389	401
390	I	390	402
391	V	391	403
392	P	392	404
393	I	393	405
394	L	394	406
395	L	395	407
396	D	396	408
397	A	397	409
398	N	398	410
399	V	399	411
400	S	400	412
401	T	401	413
402	Y	402	414
403	D	403	415
404	K	404	416
405	I	405	417
406	R	406	418
407	I	407	419
408	I	408	420
409	L	409	421
410	L	410	422
411	Y	411	423
412	I	412	424
413	F	413	425
414	L	414	426
415	K	415	427
416	N	416	428
417	G	417	429
418	I	418	430
419	T	419	431
420	E	420	432
421	E	421	433
422	N	422	434
423	L	423	435
424	N	424	436
425	K	425	437
426	L	426	438
427	I	427	439
428	Q	428	440
429	H	429	441
430	A	430	442
431	Q	431	443
432	I	432	444
433	P	433	445
434	P	434	446
435	E	435	447
436	D	436	448
437	S	437	449
438	E	438	450
439	I	439	451
440	I	440	452
441	T	441	453
442	N	442	454
443	M	443	455
444	A	444	456
445	H	445	457
446	L	446	458
447	G	447	459
448	V	448	460
449	P	449	461
450	I	450	462
451	V	451	463
452	T	452	464
453	D	453	465
454	S	454	466
455	T	455	467
456	L	456	468
457	R	457	469
458	R	458	470
459	R	459	471
460	S	460	472
461	K	461	473
462	P	462	474
463	E	463	475
464	R	464	476
465	K	465	477
466	E	466	478
467	R	467	479
468	I	468	480
469	S	469	481
470	E	470	482
471	Q	471	483
472	T	472	484
473	Y	473	485
474	Q	474	486
475	L	475	487
476	S	476	488
477	R	477	489
478	W	478	490
479	T	479	491
480	P	480	492
481	I	481	493
482	I	482	494
483	K	483	495
484	D	484	496
485	I	485	497
486	M	486	498
487	E	487	499
488	D	488	500
489	T	489	501
490	I	490	502
491	E	491	503
492	D	492	504
493	K	493	505
494	L	494	506
495	D	495	507
496	T	496	508
497	K	497	509
498	H	498	510
499	Y	499	511
500	P	500	512
501	Y	501	513
502	I	502	514
503	S	503	515
504	T	504	516
505	R	505	517
532	R	532	544
533	S	533	545
534	G	534	546
535	P	535	547
536	R	536	548
537	L	537	549
538	I	538	550
539	I	539	551
540	F	540	552
541	I	541	553
542	L	542	554
543	G	543	555
544	G	544	556
545	V	545	557
546	S	546	558
547	L	547	559
548	N	548	560
549	E	549	561
550	M	550	562
551	R	551	563
552	C	552	564
553	A	553	565
554	Y	554	566
555	E	555	567
556	V	556	568
557	T	557	569
558	Q	558	570
559	A	559	571
560	N	560	572
561	G	561	573
562	K	562	574
563	W	563	575
564	E	564	576
565	V	565	577
566	L	566	578
567	I	567	579
568	G	568	580
569	S	569	581
570	T	570	582
571	H	571	583
572	I	572	584
573	L	573	585
574	T	574	586
575	P	575	587
576	Q	576	588
577	K	577	589
578	L	578	590
579	L	579	591
580	D	580	592
581	T	581	593
582	L	582	594
583	K	583	595
584	K	584	596
585	L	585	597
586	N	586	598
587	K	587	599
588	T	588	600
589	D	589	601
590	E	590	602
591	E	591	603
592	I	592	604
