UNIPROT_SEQ_NUM	UNIPROT	PDBResNumAuthor	PDBResNumCIF
5	S	5	5
6	A	6	6
7	K	7	7
8	I	8	8
9	V	9	9
10	K	10	10
11	P	11	11
12	N	12	12
13	G	13	13
14	E	14	14
15	K	15	15
16	P	16	16
17	D	17	17
18	E	18	18
19	F	19	19
20	E	20	20
21	S	21	21
22	G	22	22
23	I	23	23
24	S	24	24
25	Q	25	25
26	A	26	26
27	L	27	27
28	L	28	28
29	E	29	29
30	L	30	30
31	E	31	31
32	M	32	32
33	N	33	33
34	S	34	34
35	D	35	35
36	L	36	36
37	K	37	37
38	A	38	38
39	Q	39	39
40	L	40	40
41	R	41	41
42	E	42	42
43	L	43	43
44	N	44	44
45	I	45	45
46	T	46	46
47	A	47	47
48	A	48	48
49	K	49	49
50	E	50	50
51	I	51	51
52	E	52	52
53	V	53	53
54	G	54	54
55	G	55	55
56	G	56	56
57	R	57	57
58	K	58	58
59	A	59	59
60	I	60	60
61	I	61	61
62	I	62	62
63	F	63	63
64	V	64	64
65	P	65	65
66	V	66	66
67	P	67	67
68	Q	68	68
69	L	69	69
70	K	70	70
71	S	71	71
72	F	72	72
73	Q	73	73
74	K	74	74
75	I	75	75
76	Q	76	76
77	V	77	77
78	R	78	78
79	L	79	79
80	V	80	80
81	R	81	81
82	E	82	82
83	L	83	83
84	E	84	84
85	K	85	85
86	K	86	86
87	F	87	87
88	S	88	88
89	G	89	89
90	K	90	90
91	H	91	91
92	V	92	92
93	V	93	93
94	F	94	94
95	I	95	95
96	A	96	96
97	Q	97	97
98	R	98	98
99	R	99	99
100	I	100	100
101	L	101	101
102	P	102	102
103	K	103	103
104	P	104	104
105	T	105	105
106	R	106	106
107	K	107	107
111	K	111	111
112	N	112	112
113	K	113	113
114	Q	114	114
115	K	115	115
116	R	116	116
117	P	117	117
118	R	118	118
119	S	119	119
120	R	120	120
121	T	121	121
122	L	122	122
123	T	123	123
124	A	124	124
125	V	125	125
126	H	126	126
127	D	127	127
128	A	128	128
129	I	129	129
130	L	130	130
131	E	131	131
132	D	132	132
133	L	133	133
134	V	134	134
135	F	135	135
136	P	136	136
137	S	137	137
138	E	138	138
139	I	139	139
140	V	140	140
141	G	141	141
142	K	142	142
143	R	143	143
144	I	144	144
145	R	145	145
146	V	146	146
147	K	147	147
148	L	148	148
149	D	149	149
150	G	150	150
151	S	151	151
152	R	152	152
153	L	153	153
154	I	154	154
155	K	155	155
156	V	156	156
157	H	157	157
158	L	158	158
159	D	159	159
160	K	160	160
161	A	161	161
162	Q	162	162
163	Q	163	163
164	N	164	164
165	N	165	165
166	V	166	166
167	E	167	167
168	H	168	168
169	K	169	169
170	V	170	170
171	E	171	171
172	T	172	172
173	F	173	173
174	S	174	174
175	G	175	175
176	V	176	176
177	Y	177	177
178	K	178	178
179	K	179	179
180	L	180	180
181	T	181	181
182	G	182	182
183	K	183	183
184	D	184	184
185	V	185	185
186	N	186	186
187	F	187	187
188	E	188	188
189	F	189	189
190	P	190	190
191	E	191	191
192	F	192	192
193	Q	193	193
