UNIPROT_SEQ_NUM	UNIPROT	PDBResNumAuthor	PDBResNumCIF
2	G	2	2
3	I	3	3
4	S	4	4
5	R	5	5
6	D	6	6
7	N	7	7
8	W	8	8
9	H	9	9
10	K	10	10
11	R	11	11
12	R	12	12
13	K	13	13
14	T	14	14
15	G	15	15
16	G	16	16
17	K	17	17
18	R	18	18
19	K	19	19
20	P	20	20
21	Y	21	21
22	H	22	22
23	K	23	23
24	K	24	24
25	R	25	25
26	K	26	26
27	Y	27	27
28	E	28	28
29	L	29	29
30	G	30	30
31	R	31	31
32	P	32	32
33	A	33	33
34	A	34	34
35	N	35	35
36	T	36	36
37	K	37	37
38	I	38	38
39	G	39	39
40	P	40	40
41	R	41	41
42	R	42	42
43	I	43	43
44	H	44	44
45	T	45	45
46	V	46	46
47	R	47	47
48	V	48	48
49	R	49	49
50	G	50	50
51	G	51	51
52	N	52	52
53	K	53	53
54	K	54	54
55	Y	55	55
56	R	56	56
57	A	57	57
58	L	58	58
59	R	59	59
60	L	60	60
61	D	61	61
62	V	62	62
63	G	63	63
64	N	64	64
65	F	65	65
66	S	66	66
67	W	67	67
68	G	68	68
69	S	69	69
70	E	70	70
71	C	71	71
72	C	72	72
73	T	73	73
74	R	74	74
75	K	75	75
76	T	76	76
77	R	77	77
78	I	78	78
79	I	79	79
80	D	80	80
81	V	81	81
82	V	82	82
83	Y	83	83
84	N	84	84
85	A	85	85
86	S	86	86
87	N	87	87
88	N	88	88
89	E	89	89
90	L	90	90
91	V	91	91
92	R	92	92
93	T	93	93
94	K	94	94
95	T	95	95
96	L	96	96
97	V	97	97
98	K	98	98
99	N	99	99
100	C	100	100
101	I	101	101
102	V	102	102
103	L	103	103
104	I	104	104
105	D	105	105
106	S	106	106
107	T	107	107
108	P	108	108
109	Y	109	109
110	R	110	110
111	Q	111	111
112	W	112	112
113	Y	113	113
114	E	114	114
115	S	115	115
116	H	116	116
117	Y	117	117
118	A	118	118
119	L	119	119
120	P	120	120
121	L	121	121
122	G	122	122
123	R	123	123
124	K	124	124
125	K	125	125
126	G	126	126
127	A	127	127
128	K	128	128
129	L	129	129
130	T	130	130
131	P	131	131
132	E	132	132
133	E	133	133
134	E	134	134
135	E	135	135
136	I	136	136
137	L	137	137
138	N	138	138
139	K	139	139
140	K	140	140
141	R	141	141
142	S	142	142
143	K	143	143
144	K	144	144
145	I	145	145
146	Q	146	146
147	K	147	147
148	K	148	148
149	Y	149	149
150	D	150	150
151	E	151	151
152	R	152	152
153	K	153	153
154	K	154	154
155	N	155	155
156	A	156	156
157	K	157	157
158	I	158	158
159	S	159	159
160	S	160	160
161	L	161	161
162	L	162	162
163	E	163	163
164	E	164	164
165	Q	165	165
166	F	166	166
167	Q	167	167
168	Q	168	168
169	G	169	169
170	K	170	170
171	L	171	171
172	L	172	172
173	A	173	173
174	C	174	174
175	I	175	175
176	A	176	176
177	S	177	177
178	R	178	178
179	P	179	179
180	G	180	180
181	Q	181	181
182	C	182	182
183	G	183	183
184	R	184	184
185	A	185	185
186	D	186	186
187	G	187	187
188	Y	188	188
189	V	189	189
190	L	190	190
191	E	191	191
192	G	192	192
193	K	193	193
194	E	194	194
195	L	195	195
196	E	196	196
197	F	197	197
198	Y	198	198
199	L	199	199
200	R	200	200
201	K	201	201
202	I	202	202
203	K	203	203
204	A	204	204
205	R	205	205
