UNIPROT_SEQ_NUM	UNIPROT	PDBResNumAuthor	PDBResNumCIF
36	L	36	36
37	Q	37	37
38	F	38	38
39	Y	39	39
40	R	40	40
41	N	41	41
42	L	42	42
43	G	43	43
44	K	44	44
45	S	45	45
46	G	46	46
47	L	47	47
48	R	48	48
49	V	49	49
50	S	50	50
51	C	51	51
52	L	52	52
53	G	53	53
54	L	54	54
55	G	55	55
56	T	56	56
57	W	57	57
58	V	58	58
59	T	59	59
60	F	60	60
61	G	61	61
62	G	62	62
63	Q	63	63
64	I	64	64
65	T	65	65
66	D	66	66
67	E	67	67
68	M	68	68
69	A	69	69
70	E	70	70
71	H	71	71
72	L	72	72
73	M	73	73
74	T	74	74
75	L	75	75
76	A	76	76
77	Y	77	77
78	D	78	78
79	N	79	79
80	G	80	80
81	I	81	81
82	N	82	82
83	L	83	83
84	F	84	84
85	D	85	85
86	T	86	86
87	A	87	87
88	E	88	88
89	V	89	89
90	Y	90	90
91	A	91	91
92	A	92	92
93	G	93	93
94	K	94	94
95	A	95	95
96	E	96	96
97	V	97	97
98	V	98	98
99	L	99	99
100	G	100	100
101	N	101	101
102	I	102	102
103	I	103	103
104	K	104	104
105	K	105	105
106	K	106	106
107	G	107	107
108	W	108	108
109	R	109	109
110	R	110	110
111	S	111	111
112	S	112	112
113	L	113	113
114	V	114	114
115	I	115	115
116	T	116	116
117	T	117	117
118	K	118	118
119	I	119	119
120	F	120	120
121	W	121	121
122	G	122	122
123	G	123	123
124	K	124	124
125	A	125	125
126	E	126	126
127	T	127	127
128	E	128	128
129	R	129	129
130	G	130	130
131	L	131	131
132	S	132	132
133	R	133	133
134	K	134	134
135	H	135	135
136	I	136	136
137	I	137	137
138	E	138	138
139	G	139	139
140	L	140	140
141	K	141	141
142	A	142	142
143	S	143	143
144	L	144	144
145	E	145	145
146	R	146	146
147	L	147	147
148	Q	148	148
149	L	149	149
150	E	150	150
151	Y	151	151
152	V	152	152
153	D	153	153
154	V	154	154
155	V	155	155
156	F	156	156
157	A	157	157
158	N	158	158
159	R	159	159
160	P	160	160
161	D	161	161
162	P	162	162
163	N	163	163
164	T	164	164
165	P	165	165
166	M	166	166
167	E	167	167
168	E	168	168
169	T	169	169
170	V	170	170
171	R	171	171
172	A	172	172
173	M	173	173
174	T	174	174
175	H	175	175
176	V	176	176
177	I	177	177
178	N	178	178
179	Q	179	179
180	G	180	180
181	M	181	181
182	A	182	182
183	M	183	183
184	Y	184	184
185	W	185	185
186	G	186	186
187	T	187	187
188	S	188	188
189	R	189	189
190	W	190	190
191	S	191	191
192	S	192	192
193	M	193	193
194	E	194	194
195	I	195	195
196	M	196	196
197	E	197	197
198	A	198	198
199	Y	199	199
200	S	200	200
201	V	201	201
202	A	202	202
203	R	203	203
204	Q	204	204
205	F	205	205
206	N	206	206
207	L	207	207
208	I	208	208
209	P	209	209
210	P	210	210
211	I	211	211
212	C	212	212
213	E	213	213
214	Q	214	214
215	A	215	215
216	E	216	216
217	Y	217	217
218	H	218	218
219	M	219	219
220	F	220	220
221	Q	221	221
222	R	222	222
223	E	223	223
224	K	224	224
225	V	225	225
226	E	226	226
227	V	227	227
228	Q	228	228
229	L	229	229
230	P	230	230
231	E	231	231
232	L	232	232
233	F	233	233
234	H	234	234
235	K	235	235
236	I	236	236
237	G	237	237
238	V	238	238
239	G	239	239
240	A	240	240
241	M	241	241
242	T	242	242
243	W	243	243
244	S	244	244
245	P	245	245
246	L	246	246
247	A	247	247
248	C	248	248
249	G	249	249
250	I	250	250
251	V	251	251
252	S	252	252
253	G	253	253
254	K	254	254
255	Y	255	255
256	D	256	256
257	S	257	257
258	G	258	258
259	I	259	259
260	P	260	260
261	P	261	261
262	Y	262	262
263	S	263	263
264	R	264	264
265	A	265	265
266	S	266	266
267	L	267	267
268	K	268	268
269	G	269	269
270	Y	270	270
271	Q	271	271
272	W	272	272
273	L	273	273
274	K	274	274
275	D	275	275
276	K	276	276
277	I	277	277
278	L	278	278
279	S	279	279
280	E	280	280
281	E	281	281
282	G	282	282
283	R	283	283
284	R	284	284
285	Q	285	285
286	Q	286	286
287	A	287	287
288	K	288	288
289	L	289	289
290	K	290	290
291	E	291	291
292	L	292	292
293	Q	293	293
294	A	294	294
295	I	295	295
296	A	296	296
297	E	297	297
298	R	298	298
299	L	299	299
300	G	300	300
301	C	301	301
302	T	302	302
303	L	303	303
304	P	304	304
305	Q	305	305
306	L	306	306
307	A	307	307
308	I	308	308
309	A	309	309
310	W	310	310
311	C	311	311
312	L	312	312
313	R	313	313
314	N	314	314
315	E	315	315
316	G	316	316
317	V	317	317
318	S	318	318
319	S	319	319
320	V	320	320
321	L	321	321
322	L	322	322
323	G	323	323
324	A	324	324
325	S	325	325
326	N	326	326
327	A	327	327
328	E	328	328
329	Q	329	329
330	L	330	330
331	M	331	331
332	E	332	332
333	N	333	333
334	I	334	334
335	G	335	335
336	A	336	336
337	I	337	337
338	Q	338	338
339	V	339	339
340	L	340	340
341	P	341	341
342	K	342	342
343	L	343	343
344	S	344	344
345	S	345	345
346	S	346	346
347	I	347	347
348	V	348	348
349	H	349	349
350	E	350	350
351	I	351	351
352	D	352	352
353	S	353	353
354	I	354	354
355	L	355	355
356	G	356	356
357	N	357	357
358	K	358	358
359	P	359	359
360	Y	360	360
361	S	361	361
