UNIPROT_SEQ_NUM	UNIPROT	PDBResNumAuthor	PDBResNumCIF
22	Q	22	22
23	E	23	23
24	A	24	24
25	K	25	25
26	K	26	26
27	V	27	27
28	V	28	28
29	N	29	29
30	P	30	30
31	L	31	31
32	F	32	32
33	E	33	33
34	K	34	34
35	R	35	35
36	P	36	36
37	K	37	37
38	N	38	38
39	F	39	39
40	G	40	40
41	I	41	41
42	G	42	42
43	Q	43	43
44	D	44	44
45	I	45	45
46	Q	46	46
47	P	47	47
48	K	48	48
49	R	49	49
50	D	50	50
51	L	51	51
52	T	52	52
53	R	53	53
54	F	54	54
55	V	55	55
56	K	56	56
57	W	57	57
58	P	58	58
59	R	59	59
60	Y	60	60
61	I	61	61
62	R	62	62
63	L	63	63
64	Q	64	64
65	R	65	65
66	Q	66	66
67	R	67	67
68	A	68	68
69	I	69	69
70	L	70	70
71	Y	71	71
72	K	72	72
73	R	73	73
74	L	74	74
75	K	75	75
76	V	76	76
77	P	77	77
78	P	78	78
79	A	79	79
80	I	80	80
81	N	81	81
82	Q	82	82
83	F	83	83
84	T	84	84
85	Q	85	85
86	A	86	86
87	L	87	87
88	D	88	88
89	R	89	89
90	Q	90	90
91	T	91	91
92	A	92	92
93	T	93	93
94	Q	94	94
95	L	95	95
96	L	96	96
97	K	97	97
98	L	98	98
99	A	99	99
100	H	100	100
101	K	101	101
102	Y	102	102
103	R	103	103
104	P	104	104
105	E	105	105
106	T	106	106
107	K	107	107
108	Q	108	108
109	E	109	109
110	K	110	110
111	K	111	111
112	Q	112	112
113	R	113	113
114	L	114	114
115	L	115	115
116	A	116	116
117	R	117	117
118	A	118	118
119	E	119	119
120	K	120	120
121	K	121	121
122	A	122	122
123	A	123	123
124	G	124	124
125	K	125	125
126	G	126	126
127	D	127	127
128	V	128	128
129	P	129	129
130	T	130	130
131	K	131	131
132	R	132	132
133	P	133	133
134	P	134	134
135	V	135	135
136	L	136	136
137	R	137	137
138	A	138	138
139	G	139	139
140	V	140	140
141	N	141	141
142	T	142	142
143	V	143	143
144	T	144	144
145	T	145	145
146	L	146	146
147	V	147	147
148	E	148	148
149	N	149	149
150	K	150	150
151	K	151	151
152	A	152	152
153	Q	153	153
154	L	154	154
155	V	155	155
156	V	156	156
157	I	157	157
158	A	158	158
159	H	159	159
160	D	160	160
161	V	161	161
162	D	162	162
163	P	163	163
164	I	164	164
165	E	165	165
166	L	166	166
167	V	167	167
168	V	168	168
169	F	169	169
170	L	170	170
171	P	171	171
172	A	172	172
173	L	173	173
174	C	174	174
175	R	175	175
176	K	176	176
177	M	177	177
178	G	178	178
179	V	179	179
180	P	180	180
181	Y	181	181
182	C	182	182
183	I	183	183
184	I	184	184
185	K	185	185
186	G	186	186
187	K	187	187
188	A	188	188
189	R	189	189
190	L	190	190
191	G	191	191
192	R	192	192
193	L	193	193
194	V	194	194
195	H	195	195
196	R	196	196
197	K	197	197
198	T	198	198
199	C	199	199
200	T	200	200
201	T	201	201
202	V	202	202
203	A	203	203
204	F	204	204
205	T	205	205
206	Q	206	206
207	V	207	207
208	N	208	208
209	S	209	209
210	E	210	210
211	D	211	211
212	K	212	212
213	G	213	213
214	A	214	214
215	L	215	215
216	A	216	216
217	K	217	217
218	L	218	218
219	V	219	219
220	E	220	220
221	A	221	221
222	I	222	222
223	R	223	223
224	T	224	224
225	N	225	225
226	Y	226	226
227	N	227	227
228	D	228	228
229	R	229	229
230	Y	230	230
231	D	231	231
232	E	232	232
233	I	233	233
234	R	234	234
235	R	235	235
236	H	236	236
237	W	237	237
238	G	238	238
239	G	239	239
240	N	240	240
241	V	241	241
242	L	242	242
243	G	243	243
244	P	244	244
245	K	245	245
246	S	246	246
247	V	247	247
248	A	248	248
249	R	249	249
250	I	250	250
251	A	251	251
252	K	252	252
253	L	253	253
254	E	254	254
255	K	255	255
256	A	256	256
257	K	257	257
258	A	258	258
259	K	259	259
260	E	260	260
261	L	261	261
262	A	262	262
