UNIPROT_SEQ_NUM	UNIPROT	PDBResNumAuthor	PDBResNumCIF
36	L	36	2
37	Q	37	3
38	F	38	4
39	Y	39	5
40	R	40	6
41	N	41	7
42	L	42	8
43	G	43	9
44	K	44	10
45	S	45	11
46	G	46	12
47	L	47	13
48	R	48	14
49	V	49	15
50	S	50	16
51	C	51	17
52	L	52	18
53	G	53	19
54	L	54	20
55	G	55	21
56	T	56	22
57	W	57	23
58	V	58	24
59	T	59	25
60	F	60	26
61	G	61	27
62	G	62	28
63	Q	63	29
64	I	64	30
65	T	65	31
66	D	66	32
67	E	67	33
68	M	68	34
69	A	69	35
70	E	70	36
71	H	71	37
72	L	72	38
73	M	73	39
74	T	74	40
75	L	75	41
76	A	76	42
77	Y	77	43
78	D	78	44
79	N	79	45
80	G	80	46
81	I	81	47
82	N	82	48
83	L	83	49
84	F	84	50
85	D	85	51
86	T	86	52
87	A	87	53
88	E	88	54
89	V	89	55
90	Y	90	56
91	A	91	57
92	A	92	58
93	G	93	59
94	K	94	60
95	A	95	61
96	E	96	62
97	V	97	63
98	V	98	64
99	L	99	65
100	G	100	66
101	N	101	67
102	I	102	68
103	I	103	69
104	K	104	70
105	K	105	71
106	K	106	72
107	G	107	73
108	W	108	74
109	R	109	75
110	R	110	76
111	S	111	77
112	S	112	78
113	L	113	79
114	V	114	80
115	I	115	81
116	T	116	82
117	T	117	83
118	K	118	84
119	I	119	85
120	F	120	86
121	W	121	87
122	G	122	88
123	G	123	89
124	K	124	90
125	A	125	91
126	E	126	92
127	T	127	93
128	E	128	94
129	R	129	95
130	G	130	96
131	L	131	97
132	S	132	98
133	R	133	99
134	K	134	100
135	H	135	101
136	I	136	102
137	I	137	103
138	E	138	104
139	G	139	105
140	L	140	106
141	K	141	107
142	A	142	108
143	S	143	109
144	L	144	110
145	E	145	111
146	R	146	112
147	L	147	113
148	Q	148	114
149	L	149	115
150	E	150	116
151	Y	151	117
152	V	152	118
153	D	153	119
154	V	154	120
155	V	155	121
156	F	156	122
157	A	157	123
158	N	158	124
159	R	159	125
160	P	160	126
161	D	161	127
162	P	162	128
163	N	163	129
164	T	164	130
165	P	165	131
166	M	166	132
167	E	167	133
168	E	168	134
169	T	169	135
170	V	170	136
171	R	171	137
172	A	172	138
173	M	173	139
174	T	174	140
175	H	175	141
176	V	176	142
177	I	177	143
178	N	178	144
179	Q	179	145
180	G	180	146
181	M	181	147
182	A	182	148
183	M	183	149
184	Y	184	150
185	W	185	151
186	G	186	152
187	T	187	153
188	S	188	154
189	R	189	155
190	W	190	156
191	S	191	157
192	S	192	158
193	M	193	159
194	E	194	160
195	I	195	161
196	M	196	162
197	E	197	163
198	A	198	164
199	Y	199	165
200	S	200	166
201	V	201	167
202	A	202	168
203	R	203	169
204	Q	204	170
205	F	205	171
206	N	206	172
207	L	207	173
208	I	208	174
209	P	209	175
210	P	210	176
211	I	211	177
212	C	212	178
213	E	213	179
214	Q	214	180
215	A	215	181
216	E	216	182
217	Y	217	183
218	H	218	184
219	M	219	185
220	F	220	186
221	Q	221	187
222	R	222	188
223	E	223	189
224	K	224	190
225	V	225	191
226	E	226	192
227	V	227	193
228	Q	228	194
229	L	229	195
230	P	230	196
231	E	231	197
232	L	232	198
233	F	233	199
234	H	234	200
235	K	235	201
236	I	236	202
237	G	237	203
238	V	238	204
239	G	239	205
240	A	240	206
241	M	241	207
242	T	242	208
243	W	243	209
244	S	244	210
245	P	245	211
246	L	246	212
247	A	247	213
248	C	248	214
249	G	249	215
250	I	250	216
251	V	251	217
252	S	252	218
253	G	253	219
254	K	254	220
255	Y	255	221
256	D	256	222
257	S	257	223
258	G	258	224
259	I	259	225
260	P	260	226
261	P	261	227
262	Y	262	228
263	S	263	229
264	R	264	230
265	A	265	231
266	S	266	232
267	L	267	233
268	K	268	234
269	G	269	235
270	Y	270	236
271	Q	271	237
272	W	272	238
273	L	273	239
274	K	274	240
275	D	275	241
276	K	276	242
277	I	277	243
278	L	278	244
279	S	279	245
280	E	280	246
281	E	281	247
282	G	282	248
283	R	283	249
284	R	284	250
285	Q	285	251
286	Q	286	252
287	A	287	253
288	K	288	254
289	L	289	255
290	K	290	256
291	E	291	257
292	L	292	258
293	Q	293	259
294	A	294	260
295	I	295	261
296	A	296	262
297	E	297	263
298	R	298	264
299	L	299	265
300	G	300	266
301	C	301	267
302	T	302	268
303	L	303	269
304	P	304	270
305	Q	305	271
306	L	306	272
307	A	307	273
308	I	308	274
309	A	309	275
310	W	310	276
311	C	311	277
312	L	312	278
313	R	313	279
314	N	314	280
315	E	315	281
316	G	316	282
317	V	317	283
318	S	318	284
319	S	319	285
320	V	320	286
321	L	321	287
322	L	322	288
323	G	323	289
324	A	324	290
325	S	325	291
326	N	326	292
327	A	327	293
328	E	328	294
329	Q	329	295
330	L	330	296
331	M	331	297
332	E	332	298
333	N	333	299
334	I	334	300
335	G	335	301
336	A	336	302
337	I	337	303
338	Q	338	304
339	V	339	305
340	L	340	306
341	P	341	307
342	K	342	308
343	L	343	309
344	S	344	310
345	S	345	311
346	S	346	312
347	I	347	313
348	V	348	314
349	H	349	315
350	E	350	316
351	I	351	317
352	D	352	318
353	S	353	319
354	I	354	320
355	L	355	321
356	G	356	322
357	N	357	323
358	K	358	324
359	P	359	325
360	Y	360	326
361	S	361	327
