UNIPROT_SEQ_NUM	UNIPROT	PDBResNumAuthor	PDBResNumCIF
36	L	36	1
37	Q	37	2
38	F	38	3
39	Y	39	4
40	R	40	5
41	N	41	6
42	L	42	7
43	G	43	8
44	K	44	9
45	S	45	10
46	G	46	11
47	L	47	12
48	R	48	13
49	V	49	14
50	S	50	15
51	C	51	16
52	L	52	17
53	G	53	18
54	L	54	19
55	G	55	20
56	T	56	21
57	W	57	22
58	V	58	23
59	T	59	24
60	F	60	25
61	G	61	26
62	G	62	27
63	Q	63	28
64	I	64	29
65	T	65	30
66	D	66	31
67	E	67	32
68	M	68	33
69	A	69	34
70	E	70	35
71	H	71	36
72	L	72	37
73	M	73	38
74	T	74	39
75	L	75	40
76	A	76	41
77	Y	77	42
78	D	78	43
79	N	79	44
80	G	80	45
81	I	81	46
82	N	82	47
83	L	83	48
84	F	84	49
85	D	85	50
86	T	86	51
87	A	87	52
88	E	88	53
89	V	89	54
90	Y	90	55
91	A	91	56
92	A	92	57
93	G	93	58
94	K	94	59
95	A	95	60
96	E	96	61
97	V	97	62
98	V	98	63
99	L	99	64
100	G	100	65
101	N	101	66
102	I	102	67
103	I	103	68
104	K	104	69
105	K	105	70
106	K	106	71
107	G	107	72
108	W	108	73
109	R	109	74
110	R	110	75
111	S	111	76
112	S	112	77
113	L	113	78
114	V	114	79
115	I	115	80
116	T	116	81
117	T	117	82
118	K	118	83
119	I	119	84
120	F	120	85
121	W	121	86
122	G	122	87
123	G	123	88
124	K	124	89
125	A	125	90
126	E	126	91
127	T	127	92
128	E	128	93
129	R	129	94
130	G	130	95
131	L	131	96
132	S	132	97
133	R	133	98
134	K	134	99
135	H	135	100
136	I	136	101
137	I	137	102
138	E	138	103
139	G	139	104
140	L	140	105
141	K	141	106
142	A	142	107
143	S	143	108
144	L	144	109
145	E	145	110
146	R	146	111
147	L	147	112
148	Q	148	113
149	L	149	114
150	E	150	115
151	Y	151	116
152	V	152	117
153	D	153	118
154	V	154	119
155	V	155	120
156	F	156	121
157	A	157	122
158	N	158	123
159	R	159	124
160	P	160	125
161	D	161	126
162	P	162	127
163	N	163	128
164	T	164	129
165	P	165	130
166	M	166	131
167	E	167	132
168	E	168	133
169	T	169	134
170	V	170	135
171	R	171	136
172	A	172	137
173	M	173	138
174	T	174	139
175	H	175	140
176	V	176	141
177	I	177	142
178	N	178	143
179	Q	179	144
180	G	180	145
181	M	181	146
182	A	182	147
183	M	183	148
184	Y	184	149
185	W	185	150
186	G	186	151
187	T	187	152
188	S	188	153
189	R	189	154
190	W	190	155
191	S	191	156
192	S	192	157
193	M	193	158
194	E	194	159
195	I	195	160
196	M	196	161
197	E	197	162
198	A	198	163
199	Y	199	164
200	S	200	165
201	V	201	166
202	A	202	167
203	R	203	168
204	Q	204	169
205	F	205	170
206	N	206	171
207	L	207	172
208	I	208	173
209	P	209	174
210	P	210	175
211	I	211	176
212	C	212	177
213	E	213	178
214	Q	214	179
215	A	215	180
216	E	216	181
217	Y	217	182
218	H	218	183
219	M	219	184
220	F	220	185
221	Q	221	186
222	R	222	187
223	E	223	188
224	K	224	189
225	V	225	190
226	E	226	191
227	V	227	192
228	Q	228	193
229	L	229	194
230	P	230	195
231	E	231	196
232	L	232	197
233	F	233	198
234	H	234	199
235	K	235	200
236	I	236	201
237	G	237	202
238	V	238	203
239	G	239	204
240	A	240	205
241	M	241	206
242	T	242	207
243	W	243	208
244	S	244	209
245	P	245	210
246	L	246	211
247	A	247	212
248	C	248	213
249	G	249	214
250	I	250	215
251	V	251	216
252	S	252	217
253	G	253	218
254	K	254	219
255	Y	255	220
256	D	256	221
257	S	257	222
258	G	258	223
259	I	259	224
260	P	260	225
261	P	261	226
262	Y	262	227
263	S	263	228
264	R	264	229
265	A	265	230
266	S	266	231
267	L	267	232
268	K	268	233
269	G	269	234
270	Y	270	235
271	Q	271	236
272	W	272	237
273	L	273	238
274	K	274	239
275	D	275	240
276	K	276	241
277	I	277	242
278	L	278	243
279	S	279	244
280	E	280	245
281	E	281	246
282	G	282	247
283	R	283	248
284	R	284	249
285	Q	285	250
286	Q	286	251
287	A	287	252
288	K	288	253
289	L	289	254
290	K	290	255
291	E	291	256
292	L	292	257
293	Q	293	258
294	A	294	259
295	I	295	260
296	A	296	261
297	E	297	262
298	R	298	263
299	L	299	264
300	G	300	265
301	C	301	266
302	T	302	267
303	L	303	268
304	P	304	269
305	Q	305	270
306	L	306	271
307	A	307	272
308	I	308	273
309	A	309	274
310	W	310	275
311	C	311	276
312	L	312	277
313	R	313	278
314	N	314	279
315	E	315	280
316	G	316	281
317	V	317	282
318	S	318	283
319	S	319	284
320	V	320	285
321	L	321	286
322	L	322	287
323	G	323	288
324	A	324	289
325	S	325	290
326	N	326	291
327	A	327	292
328	E	328	293
329	Q	329	294
330	L	330	295
331	M	331	296
332	E	332	297
333	N	333	298
334	I	334	299
335	G	335	300
336	A	336	301
337	I	337	302
338	Q	338	303
339	V	339	304
340	L	340	305
341	P	341	306
342	K	342	307
343	L	343	308
344	S	344	309
345	S	345	310
346	S	346	311
347	I	347	312
348	V	348	313
349	H	349	314
350	E	350	315
351	I	351	316
352	D	352	317
353	S	353	318
354	I	354	319
355	L	355	320
356	G	356	321
357	N	357	322
358	K	358	323
359	P	359	324
360	Y	360	325
361	S	361	326
