UNIPROT_SEQ_NUM	UNIPROT	PDBResNumAuthor	PDBResNumCIF
2	A	2	2
3	R	3	3
4	G	4	4
5	P	5	5
6	K	6	6
7	K	7	7
8	H	8	8
9	L	9	9
10	K	10	10
11	R	11	11
12	V	12	12
13	A	13	13
14	A	14	14
15	P	15	15
16	K	16	16
17	H	17	17
18	W	18	18
19	M	19	19
20	L	20	20
21	D	21	21
22	K	22	22
23	L	23	23
24	T	24	24
25	G	25	25
26	V	26	26
27	F	27	27
28	A	28	28
29	P	29	29
30	R	30	30
31	P	31	31
32	S	32	32
33	T	33	33
34	G	34	34
35	P	35	35
36	H	36	36
37	K	37	37
38	L	38	38
39	R	39	39
40	E	40	40
41	C	41	41
42	L	42	42
43	P	43	43
44	L	44	44
45	I	45	45
46	I	46	46
47	F	47	47
48	L	48	48
49	R	49	49
50	N	50	50
51	R	51	51
52	L	52	52
53	K	53	53
54	Y	54	54
55	A	55	55
56	L	56	56
57	T	57	57
58	G	58	58
59	D	59	59
60	E	60	60
61	V	61	61
62	K	62	62
63	K	63	63
64	I	64	64
65	C	65	65
66	M	66	66
67	Q	67	67
68	R	68	68
69	F	69	69
70	I	70	70
71	K	71	71
72	I	72	72
73	D	73	73
74	G	74	74
75	K	75	75
76	V	76	76
77	R	77	77
78	T	78	78
79	D	79	79
80	I	80	80
81	T	81	81
82	Y	82	82
83	P	83	83
84	A	84	84
85	G	85	85
86	F	86	86
87	M	87	87
88	D	88	88
89	V	89	89
90	I	90	90
91	S	91	91
92	I	92	92
93	D	93	93
94	K	94	94
95	T	95	95
96	G	96	96
97	E	97	97
98	N	98	98
99	F	99	99
100	R	100	100
101	L	101	101
102	I	102	102
103	Y	103	103
104	D	104	104
105	T	105	105
106	K	106	106
107	G	107	107
108	R	108	108
109	F	109	109
110	A	110	110
111	V	111	111
112	H	112	112
113	R	113	113
114	I	114	114
115	T	115	115
116	P	116	116
117	E	117	117
118	E	118	118
119	A	119	119
120	K	120	120
121	Y	121	121
122	K	122	122
123	L	123	123
124	C	124	124
125	K	125	125
126	V	126	126
127	R	127	127
128	K	128	128
129	I	129	129
130	F	130	130
131	V	131	131
132	G	132	132
133	T	133	133
134	K	134	134
135	G	135	135
136	I	136	136
137	P	137	137
138	H	138	138
139	L	139	139
140	V	140	140
141	T	141	141
142	H	142	142
143	D	143	143
144	A	144	144
145	R	145	145
146	T	146	146
147	I	147	147
148	R	148	148
149	Y	149	149
150	P	150	150
151	D	151	151
152	P	152	152
153	L	153	153
154	I	154	154
155	K	155	155
156	V	156	156
157	N	157	157
158	D	158	158
159	T	159	159
160	I	160	160
161	Q	161	161
162	I	162	162
163	D	163	163
164	L	164	164
165	E	165	165
166	T	166	166
167	G	167	167
168	K	168	168
169	I	169	169
170	T	170	170
171	D	171	171
172	F	172	172
173	I	173	173
174	K	174	174
175	F	175	175
176	D	176	176
177	T	177	177
178	G	178	178
179	N	179	179
180	L	180	180
181	C	181	181
182	M	182	182
183	V	183	183
184	T	184	184
185	G	185	185
186	G	186	186
187	A	187	187
188	N	188	188
189	L	189	189
190	G	190	190
191	R	191	191
192	I	192	192
193	G	193	193
194	V	194	194
195	I	195	195
196	T	196	196
197	N	197	197
198	R	198	198
199	E	199	199
200	R	200	200
201	H	201	201
202	P	202	202
203	G	203	203
204	S	204	204
205	F	205	205
206	D	206	206
207	V	207	207
208	V	208	208
209	H	209	209
210	V	210	210
211	K	211	211
212	D	212	212
213	A	213	213
214	N	214	214
215	G	215	215
216	N	216	216
217	S	217	217
218	F	218	218
219	A	219	219
220	T	220	220
221	R	221	221
222	L	222	222
223	S	223	223
224	N	224	224
225	I	225	225
226	F	226	226
227	V	227	227
228	I	228	228
229	G	229	229
230	K	230	230
231	G	231	231
232	N	232	232
233	K	233	233
234	P	234	234
235	W	235	235
236	I	236	236
237	S	237	237
238	L	238	238
239	P	239	239
240	R	240	240
241	G	241	241
242	K	242	242
243	G	243	243
244	I	244	244
245	R	245	245
246	L	246	246
247	T	247	247
248	I	248	248
249	A	249	249
250	E	250	250
251	E	251	251
252	R	252	252
253	D	253	253
254	K	254	254
255	R	255	255
256	L	256	256
257	A	257	257
258	A	258	258
259	K	259	259
260	Q	260	260
