UNIPROT_SEQ_NUM	UNIPROT	PDBResNumAuthor	PDBResNumCIF
1	M	1	1
2	K	2	2
3	A	3	3
4	S	4	4
5	G	5	5
6	T	6	6
7	L	7	7
8	R	8	8
9	E	9	9
10	Y	10	10
11	K	11	11
12	V	12	12
13	V	13	13
14	G	14	14
15	R	15	15
16	C	16	16
17	L	17	17
18	P	18	18
19	T	19	19
20	P	20	20
21	K	21	21
22	C	22	22
23	H	23	23
24	T	24	24
25	P	25	25
26	P	26	26
27	L	27	27
28	Y	28	28
29	R	29	29
30	M	30	30
31	R	31	31
32	I	32	32
33	F	33	33
34	A	34	34
35	P	35	35
36	N	36	36
37	H	37	37
38	V	38	38
39	V	39	39
40	A	40	40
41	K	41	41
42	S	42	42
43	R	43	43
44	F	44	44
45	W	45	45
46	Y	46	46
47	F	47	47
48	V	48	48
49	S	49	49
50	Q	50	50
51	L	51	51
52	K	52	52
53	K	53	53
54	M	54	54
55	K	55	55
56	K	56	56
57	S	57	57
58	S	58	58
59	G	59	59
60	E	60	60
61	I	61	61
62	V	62	62
63	Y	63	63
64	C	64	64
65	G	65	65
66	Q	66	66
67	V	67	67
68	F	68	68
69	E	69	69
70	K	70	70
71	S	71	71
72	P	72	72
73	L	73	73
74	R	74	74
75	V	75	75
76	K	76	76
77	N	77	77
78	F	78	78
79	G	79	79
80	I	80	80
81	W	81	81
82	L	82	82
83	R	83	83
84	Y	84	84
85	D	85	85
86	S	86	86
87	R	87	87
88	S	88	88
89	G	89	89
90	T	90	90
91	H	91	91
92	N	92	92
93	M	93	93
94	Y	94	94
95	R	95	95
96	E	96	96
97	Y	97	97
98	R	98	98
99	D	99	99
100	L	100	100
101	T	101	101
102	T	102	102
103	A	103	103
104	G	104	104
105	A	105	105
106	V	106	106
107	T	107	107
108	Q	108	108
109	C	109	109
110	Y	110	110
111	R	111	111
112	D	112	112
113	M	113	113
114	G	114	114
115	A	115	115
116	R	116	116
117	H	117	117
118	R	118	118
119	A	119	119
120	R	120	120
121	A	121	121
122	H	122	122
123	S	123	123
124	I	124	124
125	Q	125	125
126	I	126	126
127	M	127	127
128	K	128	128
129	V	129	129
130	E	130	130
131	E	131	131
132	I	132	132
133	A	133	133
134	A	134	134
135	G	135	135
136	K	136	136
137	C	137	137
138	R	138	138
139	R	139	139
140	P	140	140
141	A	141	141
142	V	142	142
143	K	143	143
144	Q	144	144
145	F	145	145
146	H	146	146
147	D	147	147
148	S	148	148
149	K	149	149
150	I	150	150
151	K	151	151
152	F	152	152
153	P	153	153
154	L	154	154
155	P	155	155
156	H	156	156
157	R	157	157
158	V	158	158
159	L	159	159
160	R	160	160
161	R	161	161
162	Q	162	162
163	H	163	163
164	K	164	164
165	P	165	165
166	R	166	166
167	F	167	167
168	T	168	168
169	T	169	169
170	K	170	170
171	R	171	171
172	P	172	172
173	N	173	173
174	T	174	174
175	F	175	175
176	F	176	176
