UNIPROT_SEQ_NUM	UNIPROT	PDBResNumAuthor	PDBResNumCIF
1	M	1	1
2	K	2	2
3	L	3	3
4	N	4	4
5	I	5	5
6	S	6	6
7	F	7	7
8	P	8	8
9	A	9	9
10	T	10	10
11	G	11	11
12	C	12	12
13	Q	13	13
14	K	14	14
15	L	15	15
16	I	16	16
17	E	17	17
18	V	18	18
19	D	19	19
20	D	20	20
21	E	21	21
22	R	22	22
23	K	23	23
24	L	24	24
25	R	25	25
26	T	26	26
27	F	27	27
28	Y	28	28
29	E	29	29
30	K	30	30
31	R	31	31
32	M	32	32
33	A	33	33
34	T	34	34
35	E	35	35
36	V	36	36
37	A	37	37
38	A	38	38
39	D	39	39
40	A	40	40
41	L	41	41
42	G	42	42
43	E	43	43
44	E	44	44
45	W	45	45
46	K	46	46
47	G	47	47
48	Y	48	48
49	V	49	49
50	V	50	50
51	R	51	51
52	I	52	52
53	S	53	53
54	G	54	54
55	G	55	55
56	N	56	56
57	D	57	57
58	K	58	58
59	Q	59	59
60	G	60	60
61	F	61	61
62	P	62	62
63	M	63	63
64	K	64	64
65	Q	65	65
66	G	66	66
67	V	67	67
68	L	68	68
69	T	69	69
70	H	70	70
71	G	71	71
72	R	72	72
73	V	73	73
74	R	74	74
75	L	75	75
76	L	76	76
77	L	77	77
78	S	78	78
79	K	79	79
80	G	80	80
81	H	81	81
82	S	82	82
83	C	83	83
84	Y	84	84
85	R	85	85
86	P	86	86
87	R	87	87
88	R	88	88
89	T	89	89
90	G	90	90
91	E	91	91
92	R	92	92
93	K	93	93
94	R	94	94
95	K	95	95
96	S	96	96
97	V	97	97
98	R	98	98
99	G	99	99
100	C	100	100
101	I	101	101
102	V	102	102
103	D	103	103
104	A	104	104
105	N	105	105
106	L	106	106
107	S	107	107
108	V	108	108
109	L	109	109
110	N	110	110
111	L	111	111
112	V	112	112
113	I	113	113
114	V	114	114
115	K	115	115
116	K	116	116
117	G	117	117
118	E	118	118
119	K	119	119
120	D	120	120
121	I	121	121
122	P	122	122
123	G	123	123
124	L	124	124
125	T	125	125
126	D	126	126
127	T	127	127
128	T	128	128
129	V	129	129
130	P	130	130
131	R	131	131
132	R	132	132
133	L	133	133
134	G	134	134
135	P	135	135
136	K	136	136
137	R	137	137
138	A	138	138
139	S	139	139
140	R	140	140
141	I	141	141
142	R	142	142
143	K	143	143
144	L	144	144
145	F	145	145
146	N	146	146
147	L	147	147
148	S	148	148
149	K	149	149
150	E	150	150
151	D	151	151
152	D	152	152
153	V	153	153
154	R	154	154
155	Q	155	155
156	Y	156	156
157	V	157	157
158	V	158	158
159	R	159	159
160	K	160	160
161	P	161	161
162	L	162	162
163	N	163	163
164	K	164	164
165	E	165	165
166	G	166	166
167	K	167	167
168	K	168	168
169	P	169	169
170	R	170	170
171	T	171	171
172	K	172	172
173	A	173	173
174	P	174	174
175	K	175	175
176	I	176	176
177	Q	177	177
178	R	178	178
179	L	179	179
180	V	180	180
181	T	181	181
182	P	182	182
183	R	183	183
184	V	184	184
185	L	185	185
186	Q	186	186
187	H	187	187
188	K	188	188
189	R	189	189
190	R	190	190
191	R	191	191
192	I	192	192
193	A	193	193
194	L	194	194
195	K	195	195
196	K	196	196
197	Q	197	197
198	R	198	198
199	T	199	199
200	K	200	200
201	K	201	201
202	N	202	202
203	K	203	203
204	E	204	204
205	E	205	205
206	A	206	206
207	A	207	207
208	E	208	208
209	Y	209	209
210	A	210	210
211	K	211	211
212	L	212	212
213	L	213	213
214	A	214	214
215	K	215	215
216	R	216	216
217	M	217	217
218	K	218	218
219	E	219	219
220	A	220	220
221	K	221	221
222	E	222	222
223	K	223	223
224	R	224	224
225	Q	225	225
226	E	226	226
227	Q	227	227
228	I	228	228
229	A	229	229
230	K	230	230
231	R	231	231
232	R	232	232
233	R	233	233
234	L	234	234
235	S	235	235
236	S	236	236
237	L	237	237
