UNIPROT_SEQ_NUM	UNIPROT	PDBResNumAuthor	PDBResNumCIF
1	M	1	1
2	I	2	2
3	R	3	3
4	F	4	4
5	I	5	5
6	L	6	6
7	I	7	7
8	Q	8	8
9	N	9	9
10	R	10	10
11	A	11	11
12	G	12	12
13	K	13	13
14	T	14	14
15	R	15	15
16	L	16	16
17	A	17	17
18	K	18	18
19	W	19	19
20	Y	20	20
21	M	21	21
22	Q	22	22
23	F	23	23
24	D	24	24
25	D	25	25
26	D	26	26
27	E	27	27
28	K	28	28
29	Q	29	29
30	K	30	30
31	L	31	31
32	I	32	32
33	E	33	33
34	E	34	34
35	V	35	35
36	H	36	36
37	A	37	37
38	V	38	38
39	V	39	39
40	T	40	40
41	V	41	41
42	R	42	42
43	D	43	43
44	A	44	44
45	K	45	45
46	H	46	46
47	T	47	47
48	N	48	48
49	F	49	49
50	V	50	50
51	E	51	51
52	F	52	52
53	R	53	53
54	N	54	54
55	F	55	55
56	K	56	56
57	I	57	57
58	I	58	58
59	Y	59	59
60	R	60	60
61	R	61	61
62	Y	62	62
63	A	63	63
64	G	64	64
65	L	65	65
66	Y	66	66
67	F	67	67
68	C	68	68
69	I	69	69
70	C	70	70
71	V	71	71
72	D	72	72
73	V	73	73
74	N	74	74
75	D	75	75
76	N	76	76
77	N	77	77
78	L	78	78
79	A	79	79
80	Y	80	80
81	L	81	81
82	E	82	82
83	A	83	83
84	I	84	84
85	H	85	85
86	N	86	86
87	F	87	87
88	V	88	88
89	E	89	89
90	V	90	90
91	L	91	91
92	N	92	92
93	E	93	93
94	Y	94	94
95	F	95	95
96	H	96	96
97	N	97	97
98	V	98	98
99	C	99	99
100	E	100	100
101	L	101	101
102	D	102	102
103	L	103	103
104	V	104	104
105	F	105	105
106	N	106	106
107	F	107	107
108	Y	108	108
109	K	109	109
110	V	110	110
111	Y	111	111
112	T	112	112
113	V	113	113
114	V	114	114
115	D	115	115
116	E	116	116
117	M	117	117
118	F	118	118
119	L	119	119
120	A	120	120
121	G	121	121
122	E	122	122
123	I	123	123
124	R	124	124
125	E	125	125
126	T	126	126
127	S	127	127
128	Q	128	128
129	T	129	129
130	K	130	130
131	V	131	131
132	L	132	132
133	K	133	133
134	Q	134	134
135	L	135	135
136	L	136	136
137	M	137	137
138	L	138	138
139	Q	139	139
140	S	140	140
141	L	141	141
142	E	142	142
