UNIPROT_SEQ_NUM	UNIPROT	PDBResNumAuthor	PDBResNumCIF
37	K	37	37
38	K	38	38
39	K	39	39
40	I	40	40
41	R	41	41
42	T	42	42
43	S	43	43
44	P	44	44
45	T	45	45
46	F	46	46
47	R	47	47
48	R	48	48
49	P	49	49
50	K	50	50
51	T	51	51
52	L	52	52
53	R	53	53
54	L	54	54
55	R	55	55
56	R	56	56
57	Q	57	57
58	P	58	58
59	K	59	59
60	Y	60	60
61	P	61	61
62	R	62	62
63	K	63	63
64	S	64	64
65	A	65	65
66	P	66	66
67	R	67	67
68	R	68	68
69	N	69	69
70	K	70	70
71	L	71	71
72	D	72	72
73	H	73	73
74	Y	74	74
75	A	75	75
76	I	76	76
77	I	77	77
78	K	78	78
79	F	79	79
80	P	80	80
81	L	81	81
82	T	82	82
83	T	83	83
84	E	84	84
85	S	85	85
86	A	86	86
87	M	87	87
88	K	88	88
89	K	89	89
90	I	90	90
91	E	91	91
92	D	92	92
93	N	93	93
94	N	94	94
95	T	95	95
96	L	96	96
97	V	97	97
98	F	98	98
99	I	99	99
100	V	100	100
101	D	101	101
102	V	102	102
103	K	103	103
104	A	104	104
105	N	105	105
106	K	106	106
107	H	107	107
108	Q	108	108
109	I	109	109
110	K	110	110
111	Q	111	111
112	A	112	112
113	V	113	113
114	K	114	114
115	K	115	115
116	L	116	116
117	Y	117	117
118	D	118	118
119	I	119	119
120	D	120	120
121	V	121	121
122	A	122	122
123	K	123	123
124	V	124	124
125	N	125	125
126	T	126	126
127	L	127	127
128	I	128	128
129	R	129	129
130	P	130	130
131	D	131	131
132	G	132	132
133	E	133	133
134	K	134	134
135	K	135	135
136	A	136	136
137	Y	137	137
138	V	138	138
139	R	139	139
140	L	140	140
141	A	141	141
142	P	142	142
143	D	143	143
144	Y	144	144
145	D	145	145
146	A	146	146
147	L	147	147
148	D	148	148
149	V	149	149
150	A	150	150
151	N	151	151
152	K	152	152
153	I	153	153
154	G	154	154
155	I	155	155
156	I	156	156
