UNIPROT_SEQ_NUM	UNIPROT	PDBResNumAuthor	PDBResNumCIF
2	N	2	2
3	D	3	3
4	T	4	4
5	V	5	5
6	T	6	6
7	I	7	7
8	R	8	8
9	T	9	9
10	R	10	10
11	K	11	11
12	F	12	12
13	M	13	13
14	T	14	14
15	N	15	15
16	R	16	16
17	L	17	17
18	L	18	18
19	Q	19	19
20	R	20	20
21	K	21	21
22	Q	22	22
23	M	23	23
24	V	24	24
25	I	25	25
26	D	26	26
27	V	27	27
28	L	28	28
29	H	29	29
30	P	30	30
31	G	31	31
32	K	32	32
33	A	33	33
34	T	34	34
35	V	35	35
36	P	36	36
37	K	37	37
38	T	38	38
39	E	39	39
40	I	40	40
41	R	41	41
42	E	42	42
43	K	43	43
44	L	44	44
45	A	45	45
46	K	46	46
47	M	47	47
48	Y	48	48
49	K	49	49
50	T	50	50
51	T	51	51
52	P	52	52
53	D	53	53
54	V	54	54
55	I	55	55
56	F	56	56
57	V	57	57
58	F	58	58
59	G	59	59
60	F	60	60
61	R	61	61
62	T	62	62
63	H	63	63
64	F	64	64
65	G	65	65
66	G	66	66
67	G	67	67
68	K	68	68
69	T	69	69
70	T	70	70
71	G	71	71
72	F	72	72
73	G	73	73
74	M	74	74
75	I	75	75
76	Y	76	76
77	D	77	77
78	S	78	78
79	L	79	79
80	D	80	80
81	Y	81	81
82	A	82	82
83	K	83	83
84	K	84	84
85	N	85	85
86	E	86	86
87	P	87	87
88	K	88	88
89	H	89	89
90	R	90	90
91	L	91	91
92	A	92	92
93	R	93	93
94	H	94	94
95	G	95	95
96	L	96	96
97	Y	97	97
98	E	98	98
99	K	99	99
100	K	100	100
101	K	101	101
102	T	102	102
103	S	103	103
104	R	104	104
105	K	105	105
106	Q	106	106
107	R	107	107
108	K	108	108
109	E	109	109
110	R	110	110
111	K	111	111
112	N	112	112
113	R	113	113
114	M	114	114
115	K	115	115
116	K	116	116
117	V	117	117
118	R	118	118
119	G	119	119
120	T	120	120
121	A	121	121
122	K	122	122
123	A	123	123
124	N	124	124
125	V	125	125
126	G	126	126
127	A	127	127
128	G	128	128
129	K	129	129
130	K	130	130
131	P	131	131
132	K	132	132
