UNIPROT_SEQ_NUM	UNIPROT	PDBResNumAuthor	PDBResNumCIF
38	N	38	38
39	Y	39	39
40	L	40	40
41	S	41	41
42	Q	42	42
43	P	43	43
44	R	44	44
45	L	45	45
46	T	46	46
47	Y	47	47
48	K	48	48
49	T	49	49
50	V	50	50
51	S	51	51
52	G	52	52
53	V	53	53
54	N	54	54
55	G	55	55
56	P	56	56
57	L	57	57
58	V	58	58
59	I	59	59
60	L	60	60
61	D	61	61
62	H	62	62
63	V	63	63
64	K	64	64
65	F	65	65
66	P	66	66
67	R	67	67
68	Y	68	68
69	A	69	69
70	E	70	70
71	I	71	71
72	V	72	72
73	H	73	73
74	L	74	74
75	T	75	75
76	L	76	76
77	P	77	77
78	D	78	78
79	G	79	79
80	T	80	80
81	K	81	81
82	R	82	82
83	S	83	83
84	G	84	84
85	Q	85	85
86	V	86	86
87	L	87	87
88	E	88	88
89	V	89	89
90	S	90	90
91	G	91	91
92	S	92	92
93	K	93	93
94	A	94	94
95	V	95	95
96	V	96	96
97	Q	97	97
98	V	98	98
99	F	99	99
100	E	100	100
101	G	101	101
102	T	102	102
103	S	103	103
104	G	104	104
105	I	105	105
106	D	106	106
107	A	107	107
108	K	108	108
109	K	109	109
110	T	110	110
111	S	111	111
112	C	112	112
113	E	113	113
114	F	114	114
115	T	115	115
116	G	116	116
117	D	117	117
118	I	118	118
119	L	119	119
120	R	120	120
121	T	121	121
122	P	122	122
123	V	123	123
124	S	124	124
125	E	125	125
126	D	126	126
127	M	127	127
128	L	128	128
129	G	129	129
130	R	130	130
131	V	131	131
132	F	132	132
133	N	133	133
134	G	134	134
135	S	135	135
136	G	136	136
137	K	137	137
138	P	138	138
139	I	139	139
140	D	140	140
141	R	141	141
142	G	142	142
143	P	143	143
144	V	144	144
145	V	145	145
146	L	146	146
147	A	147	147
148	E	148	148
149	D	149	149
150	F	150	150
151	L	151	151
152	D	152	152
153	I	153	153
154	M	154	154
155	G	155	155
156	Q	156	156
157	P	157	157
158	I	158	158
159	N	159	159
160	P	160	160
161	Q	161	161
162	C	162	162
163	R	163	163
164	I	164	164
165	Y	165	165
166	P	166	166
167	E	167	167
168	E	168	168
169	M	169	169
170	I	170	170
171	Q	171	171
172	T	172	172
173	G	173	173
174	I	174	174
175	S	175	175
176	A	176	176
177	I	177	177
178	D	178	178
179	G	179	179
180	M	180	180
181	N	181	181
182	S	182	182
183	I	183	183
184	A	184	184
185	R	185	185
186	G	186	186
187	Q	187	187
188	K	188	188
189	I	189	189
190	P	190	190
191	I	191	191
192	F	192	192
193	S	193	193
194	A	194	194
195	A	195	195
196	G	196	196
197	L	197	197
198	P	198	198
199	H	199	199
200	N	200	200
201	E	201	201
202	I	202	202
203	A	203	203
204	A	204	204
205	Q	205	205
206	I	206	206
207	C	207	207
208	R	208	208
209	Q	209	209
210	A	210	210
211	G	211	211
212	L	212	212
213	V	213	213
214	K	214	214
215	K	215	215
225	E	225	225
226	N	226	226
227	F	227	227
228	A	228	228
229	I	229	229
230	V	230	230
231	F	231	231
232	A	232	232
233	A	233	233
234	M	234	234
235	G	235	235
236	V	236	236
237	N	237	237
238	M	238	238
239	E	239	239
240	T	240	240
241	A	241	241
242	R	242	242
243	F	243	243
244	F	244	244
245	K	245	245
246	S	246	246
247	D	247	247
248	F	248	248
249	E	249	249
250	E	250	250
251	N	251	251
252	G	252	252
253	S	253	253
254	M	254	254
255	D	255	255
256	N	256	256
257	V	257	257
258	C	258	258
259	L	259	259
260	F	260	260
261	L	261	261
262	N	262	262
263	L	263	263
264	A	264	264
265	N	265	265
266	D	266	266
267	P	267	267
268	T	268	268
269	I	269	269
270	E	270	270
271	R	271	271
272	I	272	272
273	I	273	273
274	T	274	274
275	P	275	275
276	R	276	276
277	L	277	277
278	A	278	278
279	L	279	279
280	T	280	280
281	T	281	281
282	A	282	282
283	E	283	283
284	F	284	284
285	L	285	285
286	A	286	286
287	Y	287	287
288	Q	288	288
289	C	289	289
290	E	290	290
291	K	291	291
292	H	292	292
293	V	293	293
294	L	294	294
295	V	295	295
296	I	296	296
297	L	297	297
298	T	298	298
299	D	299	299
300	M	300	300
301	S	301	301
302	S	302	302
303	Y	303	303
304	A	304	304
305	E	305	305
306	A	306	306
307	L	307	307
308	R	308	308
309	E	309	309
310	V	310	310
311	S	311	311
312	A	312	312
313	A	313	313
314	R	314	314
315	E	315	315
316	E	316	316
317	V	317	317
318	P	318	318
319	G	319	319
320	R	320	320
321	R	321	321
322	G	322	322
323	F	323	323
324	P	324	324
325	G	325	325
326	Y	326	326
327	M	327	327
328	Y	328	328
329	T	329	329
330	D	330	330
331	L	331	331
332	A	332	332
333	T	333	333
334	I	334	334
335	Y	335	335
336	E	336	336
337	R	337	337
338	A	338	338
339	G	339	339
340	R	340	340
341	V	341	341
342	E	342	342
343	G	343	343
344	R	344	344
345	N	345	345
346	G	346	346
347	S	347	347
348	I	348	348
349	T	349	349
350	Q	350	350
351	I	351	351
352	P	352	352
353	I	353	353
354	L	354	354
355	T	355	355
356	M	356	356
357	P	357	357
358	N	358	358
359	D	359	359
360	D	360	360
361	I	361	361
362	T	362	362
363	H	363	363
364	P	364	364
365	I	365	365
366	P	366	366
367	D	367	367
368	L	368	368
369	T	369	369
370	G	370	370
371	Y	371	371
372	I	372	372
373	T	373	373
374	E	374	374
375	G	375	375
376	Q	376	376
377	I	377	377
378	Y	378	378
379	V	379	379
380	D	380	380
381	R	381	381
382	Q	382	382
383	L	383	383
384	H	384	384
385	N	385	385
386	R	386	386
387	Q	387	387
388	I	388	388
389	Y	389	389
390	P	390	390
391	P	391	391
392	I	392	392
393	N	393	393
394	V	394	394
395	L	395	395
396	P	396	396
397	S	397	397
398	L	398	398
399	S	399	399
400	R	400	400
401	L	401	401
402	M	402	402
403	K	403	403
404	S	404	404
405	A	405	405
406	I	406	406
407	G	407	407
408	E	408	408
409	G	409	409
410	M	410	410
411	T	411	411
412	R	412	412
413	K	413	413
414	D	414	414
415	H	415	415
416	A	416	416
417	D	417	417
418	V	418	418
419	S	419	419
420	N	420	420
421	Q	421	421
422	L	422	422
423	Y	423	423
424	A	424	424
425	C	425	425
426	Y	426	426
427	A	427	427
428	I	428	428
429	G	429	429
430	K	430	430
431	D	431	431
432	V	432	432
433	Q	433	433
434	A	434	434
435	M	435	435
436	K	436	436
437	A	437	437
438	V	438	438
439	V	439	439
440	G	440	440
441	E	441	441
442	E	442	442
443	A	443	443
444	L	444	444
445	T	445	445
446	S	446	446
447	D	447	447
448	D	448	448
449	L	449	449
450	L	450	450
451	Y	451	451
452	L	452	452
453	E	453	453
454	F	454	454
455	L	455	455
456	Q	456	456
457	K	457	457
458	F	458	458
459	E	459	459
460	K	460	460
461	N	461	461
462	F	462	462
463	I	463	463
464	T	464	464
465	Q	465	465
466	G	466	466
467	P	467	467
468	Y	468	468
469	E	469	469
470	N	470	470
471	R	471	471
472	T	472	472
473	V	473	473
474	Y	474	474
475	E	475	475
476	T	476	476
477	L	477	477
478	D	478	478
479	I	479	479
480	G	480	480
481	W	481	481
482	Q	482	482
483	L	483	483
484	L	484	484
485	R	485	485
486	I	486	486
487	F	487	487
488	P	488	488
489	K	489	489
490	E	490	490
491	M	491	491
492	L	492	492
493	K	493	493
494	R	494	494
495	I	495	495
496	P	496	496
497	Q	497	497
498	S	498	498
499	T	499	499
500	L	500	500
501	S	501	501
502	E	502	502
503	F	503	503
504	Y	504	504
505	P	505	505
506	R	506	506
