UNIPROT_SEQ_NUM	UNIPROT	PDBResNumAuthor	PDBResNumCIF
9	K	9	9
10	S	10	10
11	L	11	11
12	E	12	12
13	S	13	13
14	I	14	14
15	N	15	15
16	S	16	16
17	R	17	17
18	L	18	18
19	Q	19	19
20	L	20	20
21	V	21	21
22	M	22	22
23	K	23	23
24	S	24	24
25	G	25	25
26	K	26	26
27	Y	27	27
28	V	28	28
29	L	29	29
30	G	30	30
31	Y	31	31
32	K	32	32
33	Q	33	33
34	T	34	34
35	L	35	35
36	K	36	36
37	M	37	37
38	I	38	38
39	R	39	39
40	Q	40	40
41	G	41	41
42	K	42	42
43	A	43	43
44	K	44	44
45	L	45	45
46	V	46	46
47	I	47	47
48	L	48	48
49	A	49	49
50	N	50	50
51	N	51	51
52	C	52	52
53	P	53	53
54	A	54	54
55	L	55	55
56	R	56	56
57	K	57	57
58	S	58	58
59	E	59	59
60	I	60	60
61	E	61	61
62	Y	62	62
63	Y	63	63
64	A	64	64
65	M	65	65
66	L	66	66
67	A	67	67
68	K	68	68
69	T	69	69
70	G	70	70
71	V	71	71
72	H	72	72
73	H	73	73
74	Y	74	74
75	S	75	75
76	G	76	76
77	N	77	77
78	N	78	78
79	I	79	79
80	E	80	80
81	L	81	81
82	G	82	82
83	T	83	83
84	A	84	84
85	C	85	85
86	G	86	86
87	K	87	87
88	Y	88	88
89	Y	89	89
90	R	90	90
91	V	91	91
92	C	92	92
93	T	93	93
94	L	94	94
95	A	95	95
96	I	96	96
97	I	97	97
98	D	98	98
99	P	99	99
100	G	100	100
101	D	101	101
102	S	102	102
103	D	103	103
104	I	104	104
105	I	105	105
106	R	106	106
107	S	107	107
108	M	108	108
109	P	109	109
