UNIPROT_SEQ_NUM	UNIPROT	PDBResNumAuthor	PDBResNumCIF
2	A	2	2
3	A	3	3
4	L	4	4
5	R	5	5
6	P	6	6
7	L	7	7
8	V	8	8
9	K	9	9
10	P	10	10
11	K	11	11
12	I	12	12
13	V	13	13
14	K	14	14
15	K	15	15
16	R	16	16
17	T	17	17
18	K	18	18
19	K	19	19
20	F	20	20
21	I	21	21
22	R	22	22
23	H	23	23
24	Q	24	24
25	S	25	25
26	D	26	26
27	R	27	27
28	Y	28	28
29	V	29	29
30	K	30	30
31	I	31	31
32	K	32	32
33	R	33	33
34	N	34	34
35	W	35	35
36	R	36	36
37	K	37	37
38	P	38	38
39	R	39	39
40	G	40	40
41	I	41	41
42	D	42	42
43	N	43	43
44	R	44	44
45	V	45	45
46	R	46	46
47	R	47	47
48	R	48	48
49	F	49	49
50	K	50	50
51	G	51	51
52	Q	52	52
53	I	53	53
54	L	54	54
55	M	55	55
56	P	56	56
57	N	57	57
58	I	58	58
59	G	59	59
60	Y	60	60
61	G	61	61
62	S	62	62
63	N	63	63
64	K	64	64
65	K	65	65
66	T	66	66
67	K	67	67
68	H	68	68
69	M	69	69
70	L	70	70
71	P	71	71
72	S	72	72
73	G	73	73
74	F	74	74
75	R	75	75
76	K	76	76
77	F	77	77
78	L	78	78
79	V	79	79
80	H	80	80
81	N	81	81
82	V	82	82
83	K	83	83
84	E	84	84
85	L	85	85
86	E	86	86
87	V	87	87
88	L	88	88
89	L	89	89
90	M	90	90
91	C	91	91
92	N	92	92
93	K	93	93
94	S	94	94
95	Y	95	95
96	C	96	96
97	A	97	97
98	E	98	98
99	I	99	99
100	A	100	100
101	H	101	101
102	N	102	102
103	V	103	103
104	S	104	104
105	S	105	105
106	K	106	106
107	N	107	107
108	R	108	108
109	K	109	109
110	A	110	110
111	I	111	111
112	V	112	112
113	E	113	113
114	R	114	114
115	A	115	115
116	A	116	116
117	Q	117	117
118	L	118	118
119	A	119	119
120	I	120	120
121	R	121	121
122	V	122	122
123	T	123	123
124	N	124	124
125	P	125	125
126	N	126	126
127	A	127	127
128	R	128	128
129	L	129	129
130	R	130	130
