UNIPROT_SEQ_NUM	UNIPROT	PDBResNumAuthor	PDBResNumCIF
2	A	2	2
3	V	3	3
4	Q	4	4
5	I	5	5
6	S	6	6
7	K	7	7
8	K	8	8
9	R	9	9
10	K	10	10
11	F	11	11
12	V	12	12
13	A	13	13
14	D	14	14
15	G	15	15
16	I	16	16
17	F	17	17
18	K	18	18
19	A	19	19
20	E	20	20
21	L	21	21
22	N	22	22
23	E	23	23
24	F	24	24
25	L	25	25
26	T	26	26
27	R	27	27
28	E	28	28
29	L	29	29
30	A	30	30
31	E	31	31
32	D	32	32
33	G	33	33
34	Y	34	34
35	S	35	35
36	G	36	36
37	V	37	37
38	E	38	38
39	V	39	39
40	R	40	40
41	V	41	41
42	T	42	42
43	P	43	43
44	T	44	44
45	R	45	45
46	T	46	46
47	E	47	47
48	I	48	48
49	I	49	49
50	I	50	50
51	L	51	51
52	A	52	52
53	T	53	53
54	R	54	54
55	T	55	55
56	Q	56	56
57	N	57	57
58	V	58	58
59	L	59	59
60	G	60	60
61	E	61	61
62	K	62	62
63	G	63	63
64	R	64	64
65	R	65	65
66	I	66	66
67	R	67	67
68	E	68	68
69	L	69	69
70	T	70	70
71	A	71	71
72	V	72	72
73	V	73	73
74	Q	74	74
75	K	75	75
76	R	76	76
77	F	77	77
78	G	78	78
79	F	79	79
80	P	80	80
81	E	81	81
82	G	82	82
83	S	83	83
84	V	84	84
85	E	85	85
86	L	86	86
87	Y	87	87
88	A	88	88
89	E	89	89
90	K	90	90
91	V	91	91
92	A	92	92
93	T	93	93
94	R	94	94
95	G	95	95
96	L	96	96
97	C	97	97
98	A	98	98
99	I	99	99
100	A	100	100
101	Q	101	101
102	A	102	102
103	E	103	103
104	S	104	104
105	L	105	105
106	R	106	106
107	Y	107	107
108	K	108	108
109	L	109	109
110	L	110	110
111	G	111	111
112	G	112	112
113	L	113	113
114	A	114	114
115	V	115	115
116	R	116	116
117	R	117	117
118	A	118	118
119	C	119	119
120	Y	120	120
121	G	121	121
122	V	122	122
123	L	123	123
124	R	124	124
125	F	125	125
126	I	126	126
127	M	127	127
128	E	128	128
129	S	129	129
130	G	130	130
131	A	131	131
132	K	132	132
133	G	133	133
134	C	134	134
135	E	135	135
136	V	136	136
137	V	137	137
138	V	138	138
139	S	139	139
140	G	140	140
141	K	141	141
142	L	142	142
143	R	143	143
144	G	144	144
145	Q	145	145
146	R	146	146
147	A	147	147
148	K	148	148
149	S	149	149
150	M	150	150
151	K	151	151
152	F	152	152
153	V	153	153
154	D	154	154
155	G	155	155
156	L	156	156
157	M	157	157
158	I	158	158
159	H	159	159
160	S	160	160
161	G	161	161
162	D	162	162
163	P	163	163
164	V	164	164
165	N	165	165
166	Y	166	166
167	Y	167	167
168	V	168	168
169	D	169	169
170	T	170	170
171	A	171	171
172	V	172	172
173	R	173	173
174	H	174	174
175	V	175	175
176	L	176	176
177	L	177	177
178	R	178	178
179	Q	179	179
180	G	180	180
181	V	181	181
182	L	182	182
183	G	183	183
184	I	184	184
185	K	185	185
186	V	186	186
187	K	187	187
188	I	188	188
189	M	189	189
190	L	190	190
191	P	191	191
192	W	192	192
193	D	193	193
194	P	194	194
195	S	195	195
196	G	196	196
197	K	197	197
198	I	198	198
199	G	199	199
200	P	200	200
201	K	201	201
202	K	202	202
203	P	203	203
204	L	204	204
205	P	205	205
206	D	206	206
207	H	207	207
208	V	208	208
209	S	209	209
210	I	210	210
211	V	211	211
212	E	212	212
213	P	213	213
214	K	214	214
215	D	215	215
216	E	216	216
217	I	217	217
218	L	218	218
219	P	219	219
220	T	220	220
221	T	221	221
222	P	222	222
223	I	223	223
224	S	224	224
225	E	225	225
226	Q	226	226
227	K	227	227
