UNIPROT_SEQ_NUM	UNIPROT	PDBResNumAuthor	PDBResNumCIF
1	M	1	1
2	S	2	2
3	S	3	3
4	K	4	4
5	V	5	5
6	S	6	6
7	R	7	7
8	D	8	8
9	T	9	9
10	L	10	10
11	Y	11	11
12	E	12	12
13	A	13	13
14	V	14	14
15	R	15	15
16	E	16	16
17	V	17	17
18	L	18	18
19	H	19	19
20	G	20	20
21	N	21	21
22	Q	22	22
23	R	23	23
24	K	24	24
25	R	25	25
26	R	26	26
27	K	27	27
28	F	28	28
29	L	29	29
30	E	30	30
31	T	31	31
32	V	32	32
33	E	33	33
34	L	34	34
35	Q	35	35
36	I	36	36
37	S	37	37
38	L	38	38
39	K	39	39
40	N	40	40
41	Y	41	41
42	D	42	42
43	P	43	43
44	Q	44	44
45	K	45	45
46	D	46	46
47	K	47	47
48	R	48	48
49	F	49	49
50	S	50	50
51	G	51	51
52	T	52	52
53	V	53	53
54	R	54	54
55	L	55	55
56	K	56	56
57	S	57	57
58	T	58	58
59	P	59	59
60	R	60	60
61	P	61	61
62	K	62	62
63	F	63	63
64	S	64	64
65	V	65	65
66	C	66	66
67	V	67	67
68	L	68	68
69	G	69	69
70	D	70	70
71	Q	71	71
72	Q	72	72
73	H	73	73
74	C	74	74
75	D	75	75
76	E	76	76
77	A	77	77
78	K	78	78
79	A	79	79
80	V	80	80
81	D	81	81
82	I	82	82
83	P	83	83
84	H	84	84
85	M	85	85
86	D	86	86
87	I	87	87
88	E	88	88
89	A	89	89
90	L	90	90
91	K	91	91
92	K	92	92
93	L	93	93
94	N	94	94
95	K	95	95
96	N	96	96
97	K	97	97
98	K	98	98
99	L	99	99
100	V	100	100
101	K	101	101
102	K	102	102
103	L	103	103
104	A	104	104
105	K	105	105
106	K	106	106
107	Y	107	107
108	D	108	108
109	A	109	109
110	F	110	110
111	L	111	111
112	A	112	112
113	S	113	113
114	E	114	114
115	S	115	115
116	L	116	116
117	I	117	117
118	K	118	118
119	Q	119	119
120	I	120	120
121	P	121	121
122	R	122	122
123	I	123	123
124	L	124	124
125	G	125	125
126	P	126	126
127	G	127	127
128	L	128	128
129	N	129	129
130	K	130	130
131	A	131	131
132	G	132	132
133	K	133	133
134	F	134	134
135	P	135	135
136	S	136	136
137	L	137	137
138	L	138	138
139	T	139	139
140	H	140	140
141	N	141	141
142	E	142	142
143	N	143	143
144	M	144	144
145	V	145	145
146	A	146	146
147	K	147	147
148	V	148	148
149	D	149	149
150	E	150	150
151	V	151	151
152	K	152	152
153	S	153	153
154	T	154	154
155	I	155	155
156	K	156	156
157	F	157	157
158	Q	158	158
159	M	159	159
160	K	160	160
161	K	161	161
162	V	162	162
163	L	163	163
164	C	164	164
165	L	165	165
166	A	166	166
167	V	167	167
168	A	168	168
169	V	169	169
170	G	170	170
171	H	171	171
172	V	172	172
173	K	173	173
174	M	174	174
175	T	175	175
176	D	176	176
177	D	177	177
178	E	178	178
179	L	179	179
180	V	180	180
181	Y	181	181
182	N	182	182
183	I	183	183
184	H	184	184
185	L	185	185
186	A	186	186
187	V	187	187
188	N	188	188
189	F	189	189
190	L	190	190
191	V	191	191
192	S	192	192
193	L	193	193
194	L	194	194
195	K	195	195
196	K	196	196
197	N	197	197
198	W	198	198
199	Q	199	199
200	N	200	200
201	V	201	201
202	R	202	202
203	A	203	203
204	L	204	204
205	Y	205	205
206	I	206	206
207	K	207	207
208	S	208	208
209	T	209	209
210	M	210	210
211	G	211	211
212	K	212	212
213	P	213	213
214	Q	214	214
215	R	215	215
216	L	216	216
217	Y	217	217
