UNIPROT_SEQ_NUM	UNIPROT	PDBResNumAuthor	PDBResNumCIF
8	K	8	8
9	E	9	9
10	N	10	10
11	P	11	11
12	M	12	12
13	R	13	13
14	E	14	14
15	L	15	15
16	R	16	16
17	I	17	17
18	R	18	18
19	K	19	19
20	L	20	20
21	C	21	21
22	L	22	22
23	N	23	23
24	I	24	24
25	C	25	25
26	V	26	26
27	G	27	27
28	E	28	28
29	S	29	29
30	G	30	30
31	D	31	31
32	R	32	32
33	L	33	33
34	T	34	34
35	R	35	35
36	A	36	36
37	A	37	37
38	K	38	38
39	V	39	39
40	L	40	40
41	E	41	41
42	Q	42	42
43	L	43	43
44	T	44	44
45	G	45	45
46	Q	46	46
47	T	47	47
48	P	48	48
49	V	49	49
50	F	50	50
51	S	51	51
52	K	52	52
53	A	53	53
54	R	54	54
55	Y	55	55
56	T	56	56
57	V	57	57
58	R	58	58
59	S	59	59
60	F	60	60
61	G	61	61
62	I	62	62
63	R	63	63
64	R	64	64
65	N	65	65
66	E	66	66
67	K	67	67
68	I	68	68
69	A	69	69
70	V	70	70
71	H	71	71
72	C	72	72
73	T	73	73
74	V	74	74
75	R	75	75
76	G	76	76
77	A	77	77
78	K	78	78
79	A	79	79
80	E	80	80
81	E	81	81
82	I	82	82
83	L	83	83
84	E	84	84
85	K	85	85
86	G	86	86
87	L	87	87
88	K	88	88
89	V	89	89
90	R	90	90
91	E	91	91
92	Y	92	92
93	E	93	93
94	L	94	94
95	R	95	95
96	K	96	96
97	N	97	97
98	N	98	98
99	F	99	99
100	S	100	100
101	D	101	101
102	T	102	102
103	G	103	103
104	N	104	104
105	F	105	105
106	G	106	106
107	F	107	107
108	G	108	108
109	I	109	109
110	Q	110	110
111	E	111	111
112	H	112	112
113	I	113	113
114	D	114	114
115	L	115	115
116	G	116	116
117	I	117	117
118	K	118	118
119	Y	119	119
120	D	120	120
121	P	121	121
122	S	122	122
123	I	123	123
124	G	124	124
125	I	125	125
126	Y	126	126
127	G	127	127
128	L	128	128
129	D	129	129
130	F	130	130
131	Y	131	131
132	V	132	132
133	V	133	133
134	L	134	134
135	G	135	135
136	R	136	136
137	P	137	137
138	G	138	138
139	F	139	139
140	S	140	140
141	I	141	141
142	A	142	142
143	D	143	143
144	K	144	144
145	K	145	145
146	R	146	146
147	R	147	147
148	T	148	148
149	G	149	149
150	C	150	150
151	I	151	151
152	G	152	152
153	A	153	153
154	K	154	154
155	H	155	155
156	R	156	156
157	I	157	157
158	S	158	158
159	K	159	159
160	E	160	160
161	E	161	161
162	A	162	162
163	M	163	163
164	R	164	164
165	W	165	165
166	F	166	166
167	Q	167	167
168	Q	168	168
169	K	169	169
170	Y	170	170
171	D	171	171
172	G	172	172
173	I	173	173
174	I	174	174
175	L	175	175
176	P	176	176
177	G	177	177
