UNIPROT_SEQ_NUM	UNIPROT	PDBResNumAuthor	PDBResNumCIF
85	Y	85	85
86	T	86	86
87	T	87	87
88	P	88	88
89	K	89	89
90	K	90	90
91	N	91	91
92	K	92	92
93	H	93	93
94	K	94	94
95	R	95	95
96	K	96	96
97	K	97	97
98	V	98	98
99	K	99	99
100	L	100	100
101	A	101	101
102	V	102	102
103	L	103	103
104	K	104	104
105	Y	105	105
106	Y	106	106
107	K	107	107
108	V	108	108
109	D	109	109
110	E	110	110
111	N	111	111
112	G	112	112
113	K	113	113
114	I	114	114
115	S	115	115
116	R	116	116
117	L	117	117
118	R	118	118
119	R	119	119
120	E	120	120
121	C	121	121
122	P	122	122
123	S	123	123
124	D	124	124
125	E	125	125
126	C	126	126
127	G	127	127
128	A	128	128
129	G	129	129
130	V	130	130
131	F	131	131
132	M	132	132
133	G	133	133
134	S	134	134
135	H	135	135
136	F	136	136
137	D	137	137
138	R	138	138
139	H	139	139
140	Y	140	140
141	C	141	141
142	G	142	142
143	K	143	143
144	C	144	144
145	C	145	145
146	L	146	146
147	T	147	147
148	Y	148	148
149	C	149	149
150	F	150	150
151	N	151	151
