UNIPROT_SEQ_NUM	UNIPROT	PDBResNumAuthor	PDBResNumCIF
705	G	705	28
706	G	706	29
707	Y	707	30
708	V	708	31
709	A	709	32
710	P	710	33
711	K	711	34
712	A	712	35
713	V	713	36
714	W	714	37
715	L	715	38
716	P	716	39
717	A	717	40
718	V	718	41
719	K	719	42
720	A	720	43
721	K	721	44
722	G	722	45
723	L	723	46
724	E	724	47
725	I	725	48
726	S	726	49
727	G	727	50
728	T	728	51
729	F	729	52
730	T	730	53
731	H	731	54
732	R	732	55
733	Q	733	56
734	G	734	57
735	H	735	58
736	I	736	59
737	Y	737	60
738	M	738	61
739	E	739	62
740	M	740	63
741	N	741	64
742	F	742	65
743	T	743	66
744	N	744	67
745	K	745	68
746	A	746	69
747	L	747	70
748	Q	748	71
749	H	749	72
750	M	750	73
751	T	751	74
752	D	752	75
753	F	753	76
754	A	754	77
755	I	755	78
756	Q	756	79
757	F	757	80
758	N	758	81
759	K	759	82
760	N	760	83
761	S	761	84
762	F	762	85
763	G	763	86
764	V	764	87
765	I	765	88
766	P	766	89
767	S	767	90
768	T	768	91
769	P	769	92
770	L	770	93
771	A	771	94
772	I	772	95
773	H	773	96
774	T	774	97
775	P	775	98
776	L	776	99
777	M	777	100
778	P	778	101
779	N	779	102
780	Q	780	103
781	S	781	104
782	I	782	105
783	D	783	106
784	V	784	107
785	S	785	108
786	L	786	109
787	P	787	110
788	L	788	111
789	N	789	112
790	T	790	113
791	L	791	114
792	G	792	115
793	P	793	116
794	V	794	117
795	M	795	118
796	K	796	119
797	M	797	120
798	E	798	121
799	P	799	122
800	L	800	123
801	N	801	124
802	N	802	125
803	L	803	126
804	Q	804	127
805	V	805	128
806	A	806	129
807	V	807	130
808	K	808	131
809	N	809	132
810	N	810	133
811	I	811	134
812	D	812	135
813	V	813	136
814	F	814	137
815	Y	815	138
816	F	816	139
817	S	817	140
818	C	818	141
819	L	819	142
820	I	820	143
821	P	821	144
822	L	822	145
823	N	823	146
824	V	824	147
825	L	825	148
826	F	826	149
827	V	827	150
828	E	828	151
829	D	829	152
830	G	830	153
831	K	831	154
832	M	832	155
833	E	833	156
834	R	834	157
835	Q	835	158
836	V	836	159
837	F	837	160
838	L	838	161
839	A	839	162
840	T	840	163
841	W	841	164
842	K	842	165
843	D	843	166
844	I	844	167
845	P	845	168
846	N	846	169
847	E	847	170
848	N	848	171
849	E	849	172
850	L	850	173
851	Q	851	174
852	F	852	175
853	Q	853	176
854	I	854	177
855	K	855	178
856	E	856	179
857	C	857	180
858	H	858	181
859	L	859	182
860	N	860	183
861	A	861	184
862	D	862	185
863	T	863	186
864	V	864	187
865	S	865	188
866	S	866	189
867	K	867	190
868	L	868	191
869	Q	869	192
870	N	870	193
871	N	871	194
872	N	872	195
873	V	873	196
874	Y	874	197
875	T	875	198
876	I	876	199
877	A	877	200
878	K	878	201
879	R	879	202
880	N	880	203
881	V	881	204
882	E	882	205
883	G	883	206
884	Q	884	207
885	D	885	208
886	M	886	209
887	L	887	210
888	Y	888	211
889	Q	889	212
890	S	890	213
891	L	891	214
892	K	892	215
893	L	893	216
894	T	894	217
895	N	895	218
896	G	896	219
897	I	897	220
898	W	898	221
899	I	899	222
900	L	900	223
901	A	901	224
902	E	902	225
903	L	903	226
904	R	904	227
905	I	905	228
906	Q	906	229
907	P	907	230
908	G	908	231
909	N	909	232
910	P	910	233
911	N	911	234
912	Y	912	235
913	T	913	236
914	L	914	237
915	S	915	238
916	L	916	239
917	K	917	240
918	C	918	241
919	R	919	242
920	A	920	243
921	P	921	244
922	E	922	245
923	V	923	246
924	S	924	247
925	Q	925	248
926	Y	926	249
927	I	927	250
928	Y	928	251
929	Q	929	252
930	V	930	253
931	Y	931	254
932	D	932	255
933	S	933	256
934	I	934	257
935	L	935	258
936	K	936	259
937	N	937	260
