UNIPROT_SEQ_NUM	UNIPROT	PDBResNumAuthor	PDBResNumCIF
8	G	8	14
9	P	9	15
10	E	10	16
11	M	11	17
12	V	12	18
13	R	13	19
14	G	14	20
15	Q	15	21
16	V	16	22
17	F	17	23
18	D	18	24
19	V	19	25
20	G	20	26
21	P	21	27
22	R	22	28
23	Y	23	29
24	T	24	30
25	N	25	31
26	L	26	32
27	S	27	33
28	Y	28	34
29	I	29	35
30	G	30	36
31	E	31	37
32	G	32	38
33	A	33	39
34	Y	34	40
35	G	35	41
36	M	36	42
37	V	37	43
38	C	38	44
39	S	39	45
40	A	40	46
41	Y	41	47
42	D	42	48
43	N	43	49
44	L	44	50
45	N	45	51
46	K	46	52
47	V	47	53
48	R	48	54
49	V	49	55
50	A	50	56
51	I	51	57
52	K	52	58
53	K	53	59
54	I	54	60
55	S	55	61
56	P	56	62
57	F	57	63
58	E	58	64
59	H	59	65
60	Q	60	66
61	T	61	67
62	Y	62	68
63	C	63	69
64	Q	64	70
65	R	65	71
66	T	66	72
67	L	67	73
68	R	68	74
69	E	69	75
70	I	70	76
71	K	71	77
72	I	72	78
73	L	73	79
74	L	74	80
75	R	75	81
76	F	76	82
77	R	77	83
78	H	78	84
79	E	79	85
80	N	80	86
81	I	81	87
82	I	82	88
83	G	83	89
84	I	84	90
85	N	85	91
86	D	86	92
87	I	87	93
88	I	88	94
89	R	89	95
90	A	90	96
91	P	91	97
92	T	92	98
93	I	93	99
94	E	94	100
95	Q	95	101
96	M	96	102
97	K	97	103
98	D	98	104
99	V	99	105
100	Y	100	106
101	I	101	107
102	V	102	108
103	Q	103	109
104	D	104	110
105	L	105	111
106	M	106	112
107	E	107	113
108	T	108	114
109	D	109	115
110	L	110	116
111	Y	111	117
112	K	112	118
113	L	113	119
114	L	114	120
115	K	115	121
116	T	116	122
117	Q	117	123
118	H	118	124
119	L	119	125
120	S	120	126
121	N	121	127
122	D	122	128
123	H	123	129
124	I	124	130
125	C	125	131
126	Y	126	132
127	F	127	133
128	L	128	134
129	Y	129	135
130	Q	130	136
131	I	131	137
132	L	132	138
133	R	133	139
134	G	134	140
135	L	135	141
136	K	136	142
137	Y	137	143
138	I	138	144
139	H	139	145
140	S	140	146
141	A	141	147
142	N	142	148
143	V	143	149
144	L	144	150
145	H	145	151
146	R	146	152
147	D	147	153
148	L	148	154
149	K	149	155
150	P	150	156
151	S	151	157
152	N	152	158
153	L	153	159
154	L	154	160
155	L	155	161
156	N	156	162
157	T	157	163
158	T	158	164
159	C	159	165
160	D	160	166
161	L	161	167
162	K	162	168
163	I	163	169
164	C	164	170
165	D	165	171
166	F	166	172
167	G	167	173
168	L	168	174
169	A	169	175
170	R	170	176
171	V	171	177
172	A	172	178
173	D	173	179
174	P	174	180
175	D	175	181
176	H	176	182
177	D	177	183
178	H	178	184
179	T	179	185
180	G	180	186
181	F	181	187
182	L	182	188
183	T	183	189
184	E	184	190
185	Y	185	191
186	V	186	192
187	A	187	193
188	T	188	194
189	R	189	195
190	W	190	196
191	Y	191	197
192	R	192	198
193	A	193	199
194	P	194	200
195	E	195	201
196	I	196	202
197	M	197	203
198	L	198	204
199	N	199	205
200	S	200	206
202	G	202	208
203	Y	203	209
204	T	204	210
205	K	205	211
206	S	206	212
207	I	207	213
208	D	208	214
209	I	209	215
210	W	210	216
211	S	211	217
212	V	212	218
213	G	213	219
214	C	214	220
215	I	215	221
216	L	216	222
217	A	217	223
218	E	218	224
219	M	219	225
220	L	220	226
221	S	221	227
222	N	222	228
223	R	223	229
224	P	224	230
225	I	225	231
226	F	226	232
227	P	227	233
228	G	228	234
229	K	229	235
230	H	230	236
231	Y	231	237
232	L	232	238
233	D	233	239
234	Q	234	240
235	L	235	241
236	N	236	242
237	H	237	243
238	I	238	244
239	L	239	245
240	G	240	246
241	I	241	247
242	L	242	248
243	G	243	249
244	S	244	250
245	P	245	251
246	S	246	252
247	Q	247	253
248	E	248	254
249	D	249	255
250	L	250	256
251	N	251	257
252	C	252	258
253	I	253	259
254	I	254	260
255	N	255	261
256	L	256	262
257	K	257	263
258	A	258	264
259	R	259	265
260	N	260	266
261	Y	261	267
262	L	262	268
263	L	263	269
264	S	264	270
265	L	265	271
266	P	266	272
267	H	267	273
268	K	268	274
269	N	269	275
270	K	270	276
271	V	271	277
272	P	272	278
273	W	273	279
274	N	274	280
275	R	275	281
276	L	276	282
277	F	277	283
278	P	278	284
279	N	279	285
280	A	280	286
281	D	281	287
282	S	282	288
283	K	283	289
284	A	284	290
285	L	285	291
286	D	286	292
287	L	287	293
288	L	288	294
289	D	289	295
290	K	290	296
291	M	291	297
292	L	292	298
293	T	293	299
294	F	294	300
295	N	295	301
296	P	296	302
297	H	297	303
298	K	298	304
299	R	299	305
300	I	300	306
301	E	301	307
302	V	302	308
303	E	303	309
304	Q	304	310
305	A	305	311
306	L	306	312
307	A	307	313
308	H	308	314
309	P	309	315
310	Y	310	316
311	L	311	317
312	E	312	318
313	Q	313	319
314	Y	314	320
315	Y	315	321
316	D	316	322
317	P	317	323
318	S	318	324
319	D	319	325
320	E	320	326
321	P	321	327
322	I	322	328
323	A	323	329
324	E	324	330
325	A	325	331
326	P	326	332
327	F	327	333
328	K	328	334
329	F	329	335
330	D	330	336
331	M	331	337
332	E	332	338
333	L	333	339
334	D	334	340
335	D	335	341
336	L	336	342
337	P	337	343
338	K	338	344
339	E	339	345
340	K	340	346
341	L	341	347
342	K	342	348
343	E	343	349
344	L	344	350
345	I	345	351
346	F	346	352
347	E	347	353
348	E	348	354
349	T	349	355
350	A	350	356
351	R	351	357
352	F	352	358
353	Q	353	359
354	P	354	360
355	G	355	361
356	Y	356	362
