UNIPROT_SEQ_NUM	UNIPROT	PDBResNumAuthor	PDBResNumCIF
25	N	25	25
26	L	26	26
27	T	27	27
28	S	28	28
29	N	29	29
30	R	30	30
31	R	31	31
32	L	32	32
33	Q	33	33
34	Q	34	34
35	T	35	35
36	Q	36	36
37	A	37	37
38	Q	38	38
39	V	39	39
40	D	40	40
41	E	41	41
42	V	42	42
43	V	43	43
44	D	44	44
45	I	45	45
46	M	46	46
47	R	47	47
48	V	48	48
49	N	49	49
50	V	50	50
51	D	51	51
52	K	52	52
53	V	53	53
54	L	54	54
55	E	55	55
56	R	56	56
57	D	57	57
58	Q	58	58
59	K	59	59
60	L	60	60
61	S	61	61
62	E	62	62
63	L	63	63
64	D	64	64
65	D	65	65
66	R	66	66
67	A	67	67
68	D	68	68
69	A	69	69
70	L	70	70
71	Q	71	71
72	A	72	72
73	G	73	73
74	A	74	74
75	S	75	75
76	Q	76	76
77	F	77	77
78	E	78	78
79	T	79	79
80	S	80	80
81	A	81	81
82	A	82	82
83	K	83	83
84	L	84	84
85	K	85	85
86	R	86	86
87	K	87	87
88	Y	88	88
89	W	89	89
90	W	90	90
91	K	91	91
92	N	92	92
93	L	93	93
