UNIPROT_SEQ_NUM	UNIPROT	PDBResNumAuthor	PDBResNumCIF
28	S	28	2
29	N	29	3
30	R	30	4
31	R	31	5
32	L	32	6
33	Q	33	7
34	Q	34	8
35	T	35	9
36	Q	36	10
37	A	37	11
38	Q	38	12
39	V	39	13
40	D	40	14
41	E	41	15
42	V	42	16
43	V	43	17
44	D	44	18
45	I	45	19
46	M	46	20
47	R	47	21
48	V	48	22
49	N	49	23
50	V	50	24
51	D	51	25
52	K	52	26
53	V	53	27
54	L	54	28
55	E	55	29
56	R	56	30
57	D	57	31
58	Q	58	32
59	K	59	33
60	L	60	34
61	S	61	35
62	E	62	36
63	L	63	37
64	D	64	38
65	D	65	39
66	R	66	40
67	A	67	41
68	D	68	42
69	A	69	43
70	L	70	44
71	Q	71	45
72	A	72	46
73	G	73	47
74	A	74	48
75	S	75	49
76	Q	76	50
77	F	77	51
78	E	78	52
79	T	79	53
80	S	80	54
81	A	81	55
82	A	82	56
83	K	83	57
84	L	84	58
85	K	85	59
86	R	86	60
87	K	87	61
88	Y	88	62
89	W	89	63
90	W	90	64
91	K	91	65
92	N	92	66
