UNIPROT_SEQ_NUM	UNIPROT	PDBResNumAuthor	PDBResNumCIF
32	K	32	9
33	K	33	10
34	E	34	11
35	E	35	12
36	E	36	13
37	R	37	14
38	Q	38	15
39	E	39	16
40	A	40	17
41	L	41	18
42	R	42	19
43	Q	43	20
44	A	44	21
45	E	45	22
46	E	46	23
47	E	47	24
48	R	48	25
49	K	49	26
50	A	50	27
51	K	51	28
52	Y	52	29
53	A	53	30
54	K	54	31
55	M	55	32
56	E	56	33
57	A	57	34
58	E	58	35
59	R	59	36
60	E	60	37
61	V	61	38
62	M	62	39
63	R	63	40
64	Q	64	41
65	G	65	42
66	I	66	43
67	R	67	44
68	D	68	45
69	K	69	46
70	Y	70	47
71	G	71	48
72	I	72	49
