UNIPROT_SEQ_NUM	UNIPROT	PDBResNumAuthor	PDBResNumCIF
19	F	19	5
20	D	20	6
21	Y	21	7
22	M	22	-
23	F	23	9
24	K	24	10
25	I	25	11
26	L	26	12
27	I	27	13
28	I	28	14
29	G	29	15
30	N	30	16
31	S	31	17
32	S	32	18
33	V	33	19
34	G	34	20
35	K	35	21
36	T	36	22
37	S	37	23
38	F	38	24
39	L	39	25
40	F	40	26
41	R	41	27
42	Y	42	28
43	A	43	29
44	D	44	30
45	D	45	31
46	S	46	32
47	F	47	33
48	T	48	34
49	P	49	35
50	A	50	36
51	F	51	37
52	V	52	38
53	S	53	39
54	T	54	40
55	V	55	41
56	G	56	42
57	I	57	43
58	D	58	44
59	F	59	45
60	K	60	46
61	V	61	47
62	K	62	48
63	T	63	49
64	I	64	50
65	Y	65	51
66	R	66	52
67	N	67	53
68	D	68	54
69	K	69	55
70	R	70	56
71	I	71	57
72	K	72	58
73	L	73	59
74	Q	74	60
75	I	75	61
76	W	76	62
77	D	77	63
78	T	78	64
79	A	79	65
80	G	80	66
81	Q	81	67
82	E	82	68
83	R	83	69
84	Y	84	70
85	R	85	71
86	T	86	72
87	I	87	73
88	T	88	74
89	T	89	75
90	A	90	76
91	Y	91	77
92	Y	92	78
93	R	93	79
94	G	94	80
95	A	95	81
96	M	96	-
97	G	97	83
98	F	98	84
99	I	99	85
100	L	100	86
101	M	101	-
102	Y	102	88
103	D	103	89
104	I	104	90
105	T	105	91
106	N	106	92
107	E	107	93
108	E	108	94
109	S	109	95
110	F	110	96
111	N	111	97
112	A	112	98
113	V	113	99
114	Q	114	100
115	D	115	101
116	W	116	102
117	S	117	103
118	T	118	104
119	Q	119	105
120	I	120	106
121	K	121	107
122	T	122	108
123	Y	123	109
124	S	124	110
125	W	125	111
126	D	126	112
127	N	127	113
128	A	128	114
129	Q	129	115
130	V	130	116
131	L	131	117
132	L	132	118
133	V	133	119
134	G	134	120
135	N	135	121
136	K	136	122
137	C	137	123
138	D	138	124
139	M	139	-
140	E	140	126
141	D	141	127
142	E	142	128
143	R	143	129
144	V	144	130
145	V	145	131
146	S	146	132
147	S	147	133
148	E	148	134
149	R	149	135
150	G	150	136
151	R	151	137
152	Q	152	138
153	L	153	139
154	A	154	140
155	D	155	141
156	H	156	142
157	L	157	143
158	G	158	144
159	F	159	145
160	E	160	146
161	F	161	147
162	F	162	148
163	E	163	149
164	A	164	150
165	S	165	151
166	A	166	152
167	K	167	153
168	D	168	154
169	N	169	155
170	I	170	156
171	N	171	157
172	V	172	158
173	K	173	159
174	Q	174	160
175	T	175	161
176	F	176	162
177	E	177	163
178	R	178	164
179	L	179	165
180	V	180	166
181	D	181	167
182	V	182	168
183	I	183	169
184	C	184	170
185	E	185	171
186	K	186	172
187	M	187	-
188	S	188	174
189	E	189	175
190	S	190	176
191	L	191	177
192	D	192	178
