UNIPROT_SEQ_NUM	UNIPROT	PDBResNumAuthor	PDBResNumCIF
32	C	32	32
33	E	33	33
34	R	34	34
35	V	35	35
36	V	36	36
37	I	37	37
38	N	38	38
39	I	39	39
40	S	40	40
41	G	41	41
42	L	42	42
43	R	43	43
44	F	44	44
45	E	45	45
46	T	46	46
47	Q	47	47
48	L	48	48
49	K	49	49
50	T	50	50
51	L	51	51
52	A	52	52
53	Q	53	53
54	F	54	54
55	P	55	55
56	E	56	56
57	T	57	57
58	L	58	58
59	L	59	59
60	G	60	60
61	D	61	61
62	P	62	62
63	K	63	63
64	K	64	64
65	R	65	65
66	M	66	66
67	R	67	67
68	Y	68	68
69	F	69	69
70	D	70	70
71	P	71	71
72	L	72	72
73	R	73	73
74	N	74	74
75	E	75	75
76	Y	76	76
77	F	77	77
78	F	78	78
79	D	79	79
80	R	80	80
81	N	81	81
82	R	82	82
83	P	83	83
84	S	84	84
85	F	85	85
86	D	86	86
87	A	87	87
88	I	88	88
89	L	89	89
90	Y	90	90
91	Y	91	91
92	Y	92	92
93	Q	93	93
94	S	94	94
95	G	95	95
96	G	96	96
97	R	97	97
98	L	98	98
99	R	99	99
100	R	100	100
101	P	101	101
102	V	102	102
103	N	103	103
104	V	104	104
105	P	105	105
106	L	106	106
107	D	107	107
108	I	108	108
109	F	109	109
110	S	110	110
111	E	111	111
112	E	112	112
113	I	113	113
114	R	114	114
115	F	115	115
116	Y	116	116
117	E	117	117
118	L	118	118
119	G	119	119
120	E	120	120
121	E	121	121
122	A	122	122
123	M	123	123
124	E	124	124
125	M	125	125
126	F	126	126
127	R	127	127
128	E	128	128
129	D	129	129
130	E	130	130
131	G	131	131
132	Y	132	132
133	I	133	133
134	K	134	134
135	E	135	135
136	E	136	136
137	E	137	137
138	R	138	138
139	P	139	139
140	L	140	140
141	P	141	141
142	E	142	142
143	N	143	143
144	E	144	144
145	F	145	145
146	Q	146	146
147	R	147	147
148	Q	148	148
149	V	149	149
150	W	150	150
151	L	151	151
152	L	152	152
153	F	153	153
154	E	154	154
155	Y	155	155
156	P	156	156
157	E	157	157
158	S	158	158
159	S	159	159
160	G	160	160
161	P	161	161
162	A	162	162
163	R	163	163
164	I	164	164
165	I	165	165
166	A	166	166
167	I	167	167
168	V	168	168
169	S	169	169
170	V	170	170
171	M	171	171
172	V	172	172
173	I	173	173
174	L	174	174
175	I	175	175
176	S	176	176
177	I	177	177
178	V	178	178
179	S	179	179
180	F	180	180
181	C	181	181
182	L	182	182
183	E	183	183
184	T	184	184
185	L	185	185
186	P	186	186
187	I	187	187
188	F	188	188
189	R	189	189
190	D	190	190
191	E	191	191
192	N	192	192
193	E	193	193
194	D	194	194
195	M	195	195
196	H	196	196
197	G	197	197
198	G	198	198
199	G	199	199
200	V	200	200
201	T	201	201
202	F	202	202
203	H	203	203
204	T	204	204
205	Y	205	205
206	S	206	206
207	N	207	207
208	S	208	208
209	T	209	209
210	I	210	210
211	G	211	211
212	Y	212	212
213	Q	213	213
214	Q	214	214
215	S	215	215
216	T	216	216
217	S	217	217
218	F	218	218
219	T	219	219
220	D	220	220
221	P	221	221
222	F	222	222
223	F	223	223
224	I	224	224
225	V	225	225
226	E	226	226
227	T	227	227
228	L	228	228
229	C	229	229
230	I	230	230
231	I	231	231
232	W	232	232
233	F	233	233
234	S	234	234
235	F	235	235
236	E	236	236
237	F	237	237
238	L	238	238
239	V	239	239
240	R	240	240
241	F	241	241
242	F	242	242
243	A	243	243
244	C	244	244
245	P	245	245
246	S	246	246
247	K	247	247
248	A	248	248
249	G	249	249
250	F	250	250
251	F	251	251
252	T	252	252
253	N	253	253
254	I	254	254
255	M	255	255
256	N	256	256
257	I	257	257
258	I	258	258
259	D	259	259
260	I	260	260
261	V	261	261
262	A	262	262
263	I	263	263
264	I	264	264
265	P	265	265
266	Y	266	266
267	F	267	267
268	I	268	268
269	T	269	269
270	L	270	270
271	G	271	271
272	T	272	272
273	E	273	273
274	L	274	274
275	A	275	275
276	E	276	276
277	K	277	277
278	P	278	278
279	E	279	279
280	D	280	280
281	A	281	281
282	Q	282	282
283	Q	283	283
284	G	284	284
285	Q	285	285
286	Q	286	286
287	A	287	287
288	M	288	288
289	S	289	289
290	L	290	290
291	A	291	291
292	I	292	292
293	L	293	293
294	R	294	294
295	V	295	295
296	I	296	296
297	R	297	297
298	L	298	298
299	V	299	299
300	R	300	300
301	V	301	301
302	F	302	302
303	R	303	303
304	I	304	304
305	F	305	305
306	K	306	306
307	L	307	307
308	S	308	308
309	R	309	309
310	H	310	310
311	S	311	311
312	K	312	312
313	G	313	313
314	L	314	314
315	Q	315	315
316	I	316	316
317	L	317	317
318	G	318	318
319	Q	319	319
320	T	320	320
321	L	321	321
322	K	322	322
323	A	323	323
324	S	324	324
325	M	325	325
326	R	326	326
327	E	327	327
328	L	328	328
329	G	329	329
330	L	330	330
331	L	331	331
332	I	332	332
333	F	333	333
334	F	334	334
335	L	335	335
336	F	336	336
337	I	337	337
338	G	338	338
339	V	339	339
340	I	340	340
341	L	341	341
342	F	342	342
343	S	343	343
344	S	344	344
345	A	345	345
346	V	346	346
347	Y	347	347
348	F	348	348
349	A	349	349
350	E	350	350
351	A	351	351
352	D	352	352
353	E	353	353
354	R	354	354
355	D	355	355
356	S	356	356
357	Q	357	357
358	F	358	358
359	P	359	359
360	S	360	360
361	I	361	361
362	P	362	362
363	D	363	363
364	A	364	364
365	F	365	365
366	W	366	366
367	W	367	367
368	A	368	368
369	V	369	369
370	V	370	370
371	S	371	371
372	M	372	372
373	T	373	373
374	T	374	374
375	V	375	375
376	G	376	376
377	Y	377	377
378	G	378	378
379	D	379	379
380	M	380	380
381	V	381	381
382	P	382	382
383	T	383	383
384	T	384	384
385	I	385	385
386	G	386	386
387	G	387	387
388	K	388	388
389	I	389	389
390	V	390	390
391	G	391	391
392	S	392	392
393	L	393	393
394	C	394	394
395	A	395	395
396	I	396	396
397	A	397	397
398	G	398	398
399	V	399	399
400	L	400	400
401	T	401	401
402	I	402	402
403	A	403	403
404	L	404	404
405	P	405	405
406	V	406	406
407	P	407	407
408	V	408	408
409	I	409	409
410	V	410	410
411	S	411	411
412	N	412	412
413	F	413	413
414	N	414	414
415	Y	415	415
416	F	416	416
417	Y	417	417
418	H	418	418
419	R	419	419
420	E	420	420
421	T	421	421
