UNIPROT_SEQ_NUM	UNIPROT	PDBResNumAuthor	PDBResNumCIF
15	D	348	348
16	R	349	349
17	V	350	350
18	V	351	351
19	K	352	352
20	A	353	353
21	V	354	354
22	P	355	355
23	F	356	356
24	P	357	357
25	P	358	358
26	S	359	359
27	H	360	360
28	R	361	361
29	L	362	362
30	T	363	363
31	A	364	364
32	K	365	365
33	E	366	366
34	V	367	367
35	F	368	368
36	D	369	369
37	N	370	370
38	D	371	371
39	G	372	372
40	K	373	373
41	P	374	374
42	R	375	375
43	V	376	376
44	D	377	377
45	I	378	378
46	L	379	379
47	K	380	380
48	A	381	381
49	H	382	382
50	L	383	383
51	M	384	384
52	K	385	385
53	E	386	386
54	G	387	387
55	R	388	388
56	L	389	389
57	E	390	390
58	E	391	391
59	S	392	392
60	V	393	393
61	A	394	394
62	L	395	395
63	R	396	396
64	I	397	397
65	I	398	398
66	T	399	399
67	E	400	400
68	G	401	401
69	A	402	402
70	S	403	403
71	I	404	404
72	L	405	405
73	R	406	406
74	Q	407	407
75	E	408	408
76	K	409	409
77	N	410	410
78	L	411	411
79	L	412	412
80	D	413	413
81	I	414	414
82	D	415	415
83	A	416	416
84	P	417	417
85	V	418	418
86	T	419	419
87	V	420	420
88	C	421	421
89	G	422	422
90	D	423	423
91	I	424	424
92	H	425	425
93	G	426	426
94	Q	427	427
95	F	428	428
96	F	429	429
97	D	430	430
98	L	431	431
99	M	432	432
100	K	433	433
101	L	434	434
102	F	435	435
103	E	436	436
104	V	437	437
105	G	438	438
106	G	439	439
107	S	440	440
108	P	441	441
109	A	442	442
110	N	443	443
111	T	444	444
112	R	445	445
113	Y	446	446
114	L	447	447
115	F	448	448
116	L	449	449
117	G	450	450
118	D	451	451
119	Y	452	452
120	V	453	453
121	D	454	454
122	R	455	455
123	G	456	456
124	Y	457	457
125	F	458	458
126	S	459	459
127	I	460	460
128	E	461	461
129	C	462	462
130	V	463	463
131	L	464	464
132	Y	465	465
133	L	466	466
134	W	467	467
135	A	468	468
136	L	469	469
137	K	470	470
138	I	471	471
139	L	472	472
140	Y	473	473
141	P	474	474
142	K	475	475
143	T	476	476
144	L	477	477
145	F	478	478
146	L	479	479
147	L	480	480
148	R	481	481
149	G	482	482
150	N	483	483
151	H	484	484
152	E	485	485
153	C	486	486
154	R	487	487
155	H	488	488
156	L	489	489
157	T	490	490
158	E	491	491
159	Y	492	492
160	F	493	493
161	T	494	494
162	F	495	495
163	K	496	496
164	Q	497	497
165	E	498	498
166	C	499	499
167	K	500	500
168	I	501	501
169	K	502	502
170	Y	503	503
171	S	504	504
172	E	505	505
173	R	506	506
174	V	507	507
175	Y	508	508
176	D	509	509
177	A	510	510
178	C	511	511
179	M	512	512
180	D	513	513
181	A	514	514
182	F	515	515
183	D	516	516
184	C	517	517
185	L	518	518
186	P	519	519
187	L	520	520
188	A	521	521
189	A	522	522
190	L	523	523
191	M	524	524
192	N	525	525
193	Q	526	526
194	Q	527	527
195	F	528	528
196	L	529	529
197	C	530	530
198	V	531	531
199	H	532	532
200	G	533	533
201	G	534	534
202	L	535	535
203	S	536	536
204	P	537	537
205	E	538	538
206	I	539	539
207	N	540	540
208	T	541	541
209	L	542	542
210	D	543	543
211	D	544	544
212	I	545	545
213	R	546	546
214	K	547	547
215	L	548	548
216	D	549	549
217	R	550	550
218	F	551	551
219	K	552	552
220	E	553	553
221	P	554	554
222	P	555	555
223	A	556	556
224	Y	557	557
225	G	558	558
226	P	559	559
227	M	560	560
228	C	561	561
229	D	562	562
230	I	563	563
231	L	564	564
232	W	565	565
233	S	566	566
234	D	567	567
235	P	568	568
236	L	569	569
237	E	570	570
238	D	571	571
239	F	572	572
240	G	573	573
241	N	574	574
242	E	575	575
243	K	576	576
244	T	577	577
245	Q	578	578
246	E	579	579
247	H	580	580
248	F	581	581
249	T	582	582
250	H	583	583
251	N	584	584
252	T	585	585
253	V	586	586
254	R	587	587
255	G	588	588
256	C	589	589
257	S	590	590
258	Y	591	591
259	F	592	592
260	Y	593	593
261	S	594	594
262	Y	595	595
263	P	596	596
264	A	597	597
265	V	598	598
266	C	599	599
267	D	600	600
268	F	601	601
269	L	602	602
270	Q	603	603
271	H	604	604
272	N	605	605
273	N	606	606
274	L	607	607
275	L	608	608
276	S	609	609
277	I	610	610
278	L	611	611
279	R	612	612
280	A	613	613
281	H	614	614
282	E	615	615
283	A	616	616
284	Q	617	617
285	D	618	618
286	A	619	619
287	G	620	620
288	Y	621	621
289	R	622	622
290	M	623	623
291	Y	624	624
292	R	625	625
293	K	626	626
294	S	627	627
295	Q	628	628
296	T	629	629
297	T	630	630
298	G	631	631
299	F	632	632
300	P	633	633
301	S	634	634
302	L	635	635
303	I	636	636
304	T	637	637
305	I	638	638
306	F	639	639
307	S	640	640
308	A	641	641
309	P	642	642
310	N	643	643
311	Y	644	644
312	L	645	645
313	D	646	646
314	V	647	647
315	Y	648	648
316	N	649	649
317	N	650	650
318	K	651	651
319	A	652	652
320	A	653	653
321	V	654	654
322	L	655	655
323	K	656	656
324	Y	657	657
325	E	658	658
326	N	659	659
327	N	660	660
328	V	661	661
329	M	662	662
330	N	663	663
331	I	664	664
332	R	665	665
333	Q	666	666
334	F	667	667
335	N	668	668
336	C	669	669
337	S	670	670
338	P	671	671
339	H	672	672
340	P	673	673
341	Y	674	674
342	W	675	675
343	L	676	676
344	P	677	677
345	N	678	678
346	F	679	679
347	M	680	680
348	D	681	681
349	V	682	682
350	F	683	683
351	T	684	684
352	W	685	685
353	S	686	686
354	L	687	687
355	P	688	688
356	F	689	689
357	V	690	690
358	G	691	691
359	E	692	692
360	K	693	693
361	V	694	694
362	T	695	695
363	E	696	696
364	M	697	697
365	L	698	698
366	V	699	699
367	N	700	700
368	V	701	701
369	L	702	702
370	N	703	703
371	I	704	704
372	C	705	705
470	F	793	793
471	E	794	794
472	E	795	795
473	A	796	796
474	K	797	797
475	G	798	798
476	L	799	799
477	D	800	800
478	R	801	801
479	I	802	802
480	N	803	803
481	E	804	804
482	R	805	805
483	M	806	806
484	P	807	807
485	P	808	808
486	R	809	809
