UNIPROT_SEQ_NUM	UNIPROT	PDBResNumAuthor	PDBResNumCIF
15	N	15	15
16	T	16	16
17	A	17	17
18	L	18	18
19	Q	19	19
20	E	20	20
21	V	21	21
22	L	22	22
23	K	23	23
24	T	24	24
25	A	25	25
26	L	26	26
27	I	27	27
28	H	28	28
29	D	29	29
30	G	30	30
31	L	31	31
32	A	32	32
33	R	33	33
34	G	34	34
35	I	35	35
36	R	36	36
37	E	37	37
38	A	38	38
39	A	39	39
40	K	40	40
41	A	41	41
42	L	42	42
43	D	43	43
44	K	44	44
45	R	45	45
46	Q	46	46
47	A	47	47
48	H	48	48
49	L	49	49
50	C	50	50
51	V	51	51
52	L	52	52
53	A	53	53
54	S	54	54
55	N	55	55
56	C	56	56
57	D	57	57
58	E	58	58
59	P	59	59
60	M	60	60
61	Y	61	61
62	V	62	62
63	K	63	63
64	L	64	64
65	V	65	65
66	E	66	66
67	A	67	67
68	L	68	68
69	L	69	69
70	A	70	70
71	E	71	71
72	H	72	72
73	Q	73	73
74	I	74	74
75	N	75	75
76	L	76	76
77	I	77	77
78	K	78	78
79	V	79	79
80	D	80	80
81	D	81	81
82	N	82	82
83	K	83	83
84	K	84	84
85	L	85	85
86	G	86	86
87	E	87	87
88	W	88	88
89	V	89	89
90	G	90	90
91	L	91	91
92	C	92	92
93	K	93	93
94	I	94	94
95	D	95	95
96	R	96	96
97	E	97	97
98	G	98	98
99	K	99	99
100	P	100	100
101	R	101	101
102	K	102	102
103	V	103	103
104	V	104	104
105	G	105	105
106	C	106	106
107	S	107	107
108	C	108	108
109	V	109	109
110	V	110	110
111	V	111	111
112	K	112	112
113	D	113	113
114	Y	114	114
115	G	115	115
116	K	116	116
117	E	117	117
118	S	118	118
119	Q	119	119
120	A	120	120
121	K	121	121
122	D	122	122
123	V	123	123
124	I	124	124
125	E	125	125
126	E	126	126
127	Y	127	127
128	F	128	128
129	K	129	129
130	C	130	130
131	K	131	131
132	K	132	132
