UNIPROT_SEQ_NUM	UNIPROT	PDBResNumAuthor	PDBResNumCIF
1	M	1	1
2	L	2	2
3	M	3	3
4	P	4	4
5	K	5	5
6	K	6	6
7	N	7	7
8	R	8	8
9	I	9	9
10	A	10	10
11	I	11	11
12	Y	12	12
13	E	13	13
14	L	14	14
15	L	15	15
16	F	16	16
17	K	17	17
18	E	18	18
19	G	19	19
20	V	20	20
21	M	21	21
22	V	22	22
23	A	23	23
24	K	24	24
25	K	25	25
26	D	26	26
27	V	27	27
28	H	28	28
29	M	29	29
30	P	30	30
31	K	31	31
32	H	32	32
33	P	33	33
34	E	34	34
35	L	35	35
36	A	36	36
37	D	37	37
38	K	38	38
39	N	39	39
40	V	40	40
41	P	41	41
42	N	42	42
43	L	43	43
44	H	44	44
45	V	45	45
46	M	46	46
47	K	47	47
48	A	48	48
49	M	49	49
50	Q	50	50
51	S	51	51
52	L	52	52
53	K	53	53
54	S	54	54
55	R	55	55
56	G	56	56
57	Y	57	57
58	V	58	58
59	K	59	59
60	E	60	60
61	Q	61	61
62	F	62	62
63	A	63	63
64	W	64	64
65	R	65	65
66	H	66	66
67	F	67	67
68	Y	68	68
69	W	69	69
70	Y	70	70
71	L	71	71
72	T	72	72
73	N	73	73
74	E	74	74
75	G	75	75
76	I	76	76
77	Q	77	77
78	Y	78	78
79	L	79	79
80	R	80	80
81	D	81	81
82	Y	82	82
83	L	83	83
84	H	84	84
85	L	85	85
86	P	86	86
87	P	87	87
88	E	88	88
89	I	89	89
90	V	90	90
91	P	91	91
92	A	92	92
93	T	93	93
94	L	94	94
95	R	95	95
96	R	96	96
97	S	97	97
98	R	98	98
