UNIPROT_SEQ_NUM	UNIPROT	PDBResNumAuthor	PDBResNumCIF
346	M	346	4
347	T	347	5
348	K	348	6
349	Q	349	7
350	H	350	8
351	Q	351	9
352	T	352	10
353	R	353	11
354	L	354	12
355	D	355	13
356	I	356	14
357	I	357	15
358	S	358	16
359	E	359	17
360	D	360	18
361	I	361	19
362	S	362	20
363	E	363	21
364	L	364	22
365	Q	365	23
366	K	366	24
367	N	367	25
368	Q	368	26
369	T	369	27
370	T	370	28
371	T	371	29
372	M	372	30
373	A	373	31
374	K	374	32
375	I	375	33
376	A	376	34
377	Q	377	35
378	Y	378	36
379	K	379	37
380	R	380	38
381	K	381	39
382	L	382	40
383	M	383	41
384	D	384	42
385	L	385	43
386	S	386	44
387	H	387	45
388	R	388	46
389	T	389	47
390	L	390	48
391	Q	391	49
392	V	392	50
393	L	393	51
394	I	394	52
395	K	395	53
396	Q	396	54
397	E	397	55
398	I	398	56
399	Q	399	57
400	R	400	58
401	K	401	59
402	S	402	60
