UNIPROT_SEQ_NUM	UNIPROT	PDBResNumAuthor	PDBResNumCIF
327	A	327	5
328	P	328	6
329	A	329	7
330	D	330	8
331	Y	331	9
332	F	332	10
333	R	333	11
334	V	334	12
335	L	335	13
336	V	336	14
337	Q	337	15
338	Q	338	16
339	F	339	17
340	E	340	18
341	V	341	19
342	Q	342	20
343	L	343	21
344	Q	344	22
345	Q	345	23
346	Y	346	24
347	R	347	25
348	Q	348	26
349	Q	349	27
350	I	350	28
351	E	351	29
352	E	352	30
353	L	353	31
354	E	354	32
355	N	355	33
356	H	356	34
357	L	357	35
358	A	358	36
359	T	359	37
360	Q	360	38
361	A	361	39
362	N	362	40
363	N	363	41
364	S	364	42
365	H	365	43
366	I	366	44
367	T	367	45
368	P	368	46
369	Q	369	47
370	D	370	48
371	L	371	49
372	S	372	50
373	M	373	51
374	A	374	52
375	M	375	53
376	Q	376	54
377	K	377	55
378	I	378	56
379	Y	379	57
380	Q	380	58
381	T	381	59
382	F	382	60
383	V	383	61
384	A	384	62
385	L	385	63
386	A	386	64
387	A	387	65
388	Q	388	66
389	L	389	67
390	Q	390	68
391	S	391	69
392	I	392	70
393	H	393	71
394	E	394	72
395	N	395	73
396	V	396	74
397	K	397	75
398	V	398	76
399	L	399	77
400	K	400	78
401	E	401	79
402	Q	402	80
403	Y	403	81
404	L	404	82
405	S	405	83
406	Y	406	84
407	R	407	85
408	K	408	86
409	M	409	87
410	F	410	88
411	L	411	89
412	G	412	90
