UNIPROT_SEQ_NUM	UNIPROT	PDBResNumAuthor	PDBResNumCIF
1	M	1	1
2	P	2	2
3	Y	3	3
4	L	4	4
5	L	5	5
6	I	6	6
7	S	7	7
8	T	8	8
9	Q	9	9
10	I	10	10
11	R	11	11
12	M	12	12
13	E	13	13
14	V	14	14
15	G	15	15
16	P	16	16
17	T	17	17
18	M	18	18
19	V	19	19
20	G	20	20
21	D	21	21
22	E	22	22
23	H	23	23
24	S	24	24
25	D	25	25
26	P	26	26
27	E	27	27
28	L	28	28
29	M	29	29
30	Q	30	30
31	Q	31	31
32	L	32	32
33	G	33	33
34	A	34	34
35	S	35	35
36	K	36	36
37	R	37	37
38	R	38	38
39	V	39	39
40	L	40	40
41	G	41	41
42	N	42	42
43	N	43	43
44	F	44	44
45	Y	45	45
46	E	46	46
47	Y	47	47
48	Y	48	48
49	V	49	49
50	N	50	50
51	D	51	51
52	P	52	52
53	P	53	53
54	R	54	54
55	I	55	55
56	V	56	56
57	L	57	57
58	D	58	58
59	K	59	59
60	L	60	60
61	E	61	61
62	C	62	62
63	R	63	63
64	G	64	64
65	F	65	65
66	R	66	66
67	V	67	67
68	L	68	68
69	S	69	69
70	M	70	70
71	T	71	71
72	G	72	72
73	V	73	73
74	G	74	74
75	Q	75	75
76	T	76	76
77	L	77	77
78	V	78	78
79	W	79	79
80	C	80	80
81	L	81	81
82	H	82	82
83	K	83	83
84	E	84	84
