UNIPROT_SEQ_NUM	UNIPROT	PDBResNumAuthor	PDBResNumCIF
456	Y	456	13
457	Y	457	14
458	I	458	15
459	D	459	16
460	A	460	17
461	D	461	18
462	L	462	19
463	L	463	20
464	R	464	21
465	E	465	22
466	I	466	23
467	K	467	24
468	Q	468	25
469	H	469	26
470	L	470	27
471	K	471	28
472	Q	472	29
473	Q	473	30
474	Q	474	31
475	E	475	32
476	G	476	33
477	L	477	34
478	S	478	35
479	H	479	36
480	L	480	37
481	I	481	38
482	S	482	39
483	I	483	40
484	I	484	41
485	K	485	42
486	D	486	43
487	D	487	44
488	L	488	45
489	E	489	46
490	D	490	47
491	I	491	48
492	K	492	49
493	L	493	50
494	V	494	51
