UNIPROT_SEQ_NUM	UNIPROT	PDBResNumAuthor	PDBResNumCIF
395	A	395	1
396	R	396	2
397	K	397	3
398	L	398	4
399	E	399	5
400	L	400	6
401	T	401	7
402	K	402	8
403	A	403	9
404	E	404	10
405	K	405	11
406	H	406	12
407	V	407	13
408	H	408	14
409	N	409	15
410	F	410	16
411	M	411	17
412	M	412	18
413	D	413	19
414	T	414	20
415	Q	415	21
416	L	416	22
417	T	417	23
418	K	418	24
419	R	419	25
420	V	420	26
421	K	421	27
422	N	422	28
423	A	423	29
424	A	424	30
425	A	425	31
426	N	426	32
427	V	427	33
428	L	428	34
429	R	429	35
430	E	430	36
431	T	431	37
432	W	432	38
433	L	433	39
434	I	434	40
435	Y	435	41
436	K	436	42
437	N	437	43
438	T	438	44
439	K	439	45
440	L	440	46
441	V	441	47
442	K	442	48
443	K	443	49
444	I	444	50
445	D	445	51
446	H	446	52
447	A	447	53
448	K	448	54
449	V	449	55
450	R	450	56
451	K	451	57
452	H	452	58
453	Q	453	59
454	R	454	60
455	K	455	61
456	F	456	62
457	L	457	63
458	Q	458	64
459	A	459	65
460	I	460	66
461	H	461	67
462	Q	462	68
463	L	463	69
464	R	464	70
465	S	465	71
466	V	466	72
467	K	467	73
468	M	468	74
469	E	469	75
470	Q	470	76
471	R	471	77
472	K	472	78
473	L	473	79
474	N	474	80
475	D	475	81
476	Q	476	82
477	A	477	83
478	N	478	84
479	T	479	85
480	L	480	86
481	V	481	87
482	D	482	88
483	L	483	89
484	A	484	90
485	K	485	91
486	T	486	92
487	Q	487	93
