UNIPROT_SEQ_NUM	UNIPROT	PDBResNumAuthor	PDBResNumCIF
187	Y	187	2
188	H	188	3
189	Q	189	4
190	E	190	5
191	P	191	6
202	A	202	17
203	P	203	18
204	P	204	19
205	I	205	20
206	L	206	21
207	P	207	22
211	L	211	26
212	Q	212	27
213	V	213	28
214	I	214	29
215	L	215	30
220	G	220	35
221	I	221	36
222	S	222	37
233	H	233	48
234	V	234	49
235	M	235	50
236	L	236	51
237	N	237	52
238	H	238	53
239	L	239	54
240	Y	240	55
241	A	241	56
242	L	242	57
243	S	243	58
244	I	244	59
245	K	245	60
246	D	246	61
247	G	247	62
248	V	248	63
249	M	249	64
250	V	250	65
251	L	251	66
252	S	252	67
253	A	253	68
254	T	254	69
255	H	255	70
256	R	256	71
257	Y	257	72
258	K	258	73
259	K	259	74
260	K	260	75
261	Y	261	76
262	V	262	77
263	T	263	78
264	T	264	79
265	L	265	80
266	L	266	81
267	Y	267	82
268	K	268	83
269	P	269	84
270	I	270	85
