UNIPROT_SEQ_NUM	UNIPROT	PDBResNumAuthor	PDBResNumCIF
23	S	23	23
24	N	24	24
25	S	25	25
26	S	26	26
27	V	27	27
28	Y	28	28
29	T	29	29
30	T	30	30
31	F	31	31
32	M	32	32
33	K	33	33
34	S	34	34
35	H	35	35
36	R	36	36
37	C	37	37
38	Y	38	38
39	D	39	39
40	L	40	40
41	I	41	41
42	P	42	42
43	T	43	43
44	S	44	44
45	S	45	45
46	K	46	46
47	L	47	47
48	V	48	48
49	V	49	49
50	F	50	50
51	D	51	51
52	T	52	52
53	S	53	53
54	L	54	54
55	Q	55	55
56	V	56	56
57	K	57	57
58	K	58	58
59	A	59	59
60	F	60	60
61	F	61	61
62	A	62	62
63	L	63	63
64	V	64	64
65	T	65	65
66	N	66	66
67	G	67	67
68	V	68	68
69	R	69	69
70	A	70	70
71	A	71	71
72	P	72	72
73	L	73	73
74	W	74	74
75	D	75	75
76	S	76	76
77	K	77	77
78	K	78	78
79	Q	79	79
80	S	80	80
81	F	81	81
82	V	82	82
83	G	83	83
84	M	84	84
85	L	85	85
86	T	86	86
87	I	87	87
88	T	88	88
89	D	89	89
90	F	90	90
91	I	91	91
92	N	92	92
93	I	93	93
94	L	94	94
95	H	95	95
96	R	96	96
97	Y	97	97
98	Y	98	98
99	K	99	99
100	S	100	100
101	A	101	101
102	L	102	102
103	V	103	103
104	Q	104	104
105	I	105	105
106	Y	106	106
107	E	107	107
108	L	108	108
109	E	109	109
110	E	110	110
111	H	111	111
112	K	112	112
113	I	113	113
114	E	114	114
115	T	115	115
116	W	116	116
117	R	117	117
118	E	118	118
119	V	119	119
120	Y	120	120
121	L	121	121
122	Q	122	122
123	D	123	123
124	S	124	124
125	F	125	125
126	K	126	126
127	P	127	127
128	L	128	128
129	V	129	129
130	C	130	130
131	I	131	131
132	S	132	132
133	P	133	133
134	N	134	134
135	A	135	135
136	S	136	136
137	L	137	137
138	F	138	138
139	D	139	139
140	A	140	140
141	V	141	141
142	S	142	142
143	S	143	143
144	L	144	144
145	I	145	145
146	R	146	146
147	N	147	147
148	K	148	148
149	I	149	149
150	H	150	150
151	R	151	151
152	L	152	152
153	P	153	153
154	V	154	154
155	I	155	155
156	D	156	156
157	P	157	157
158	E	158	158
159	S	159	159
160	G	160	160
161	N	161	161
162	T	162	162
163	L	163	163
164	Y	164	164
165	I	165	165
166	L	166	166
167	T	167	167
168	H	168	168
169	K	169	169
170	R	170	170
171	I	171	171
172	L	172	172
173	K	173	173
174	F	174	174
175	L	175	175
176	K	176	176
177	L	177	177
178	F	178	178
179	I	179	179
180	T	180	180
181	E	181	181
182	F	182	182
183	P	183	183
184	K	184	184
185	P	185	185
186	E	186	186
187	F	187	187
188	M	188	188
189	S	189	189
190	K	190	190
191	S	191	191
192	L	192	192
193	E	193	193
194	E	194	194
195	L	195	195
196	Q	196	196
197	I	197	197
198	G	198	198
199	T	199	199
200	Y	200	200
201	A	201	201
202	N	202	202
203	I	203	203
204	A	204	204
205	M	205	205
206	V	206	206
207	R	207	207
208	T	208	208
209	T	209	209
210	T	210	210
211	P	211	211
212	V	212	212
213	Y	213	213
214	V	214	214
215	A	215	215
216	L	216	216
217	G	217	217
218	I	218	218
219	F	219	219
220	V	220	220
221	Q	221	221
222	H	222	222
223	R	223	223
224	V	224	224
225	S	225	225
226	A	226	226
227	L	227	227
228	P	228	228
229	V	229	229
230	V	230	230
231	D	231	231
232	E	232	232
233	K	233	233
234	G	234	234
235	R	235	235
236	V	236	236
237	V	237	237
238	D	238	238
239	I	239	239
240	Y	240	240
241	S	241	241
242	K	242	242
243	F	243	243
244	D	244	244
245	V	245	245
246	I	246	246
247	N	247	247
248	L	248	248
249	A	249	249
250	A	250	250
251	E	251	251
252	K	252	252
253	T	253	253
254	Y	254	254
255	N	255	255
256	N	256	256
257	L	257	257
258	D	258	258
259	V	259	259
260	S	260	260
261	V	261	261
262	T	262	262
263	K	263	263
264	A	264	264
265	L	265	265
266	Q	266	266
267	H	267	267
268	R	268	268
269	S	269	269
270	H	270	270
271	Y	271	271
272	F	272	272
273	E	273	273
274	G	274	274
275	V	275	275
276	L	276	276
277	K	277	277
278	C	278	278
279	Y	279	279
280	L	280	280
281	H	281	281
282	E	282	282
283	T	283	283
284	L	284	284
285	E	285	285
286	A	286	286
287	I	287	287
288	I	288	288
289	N	289	289
290	R	290	290
291	L	291	291
292	V	292	292
293	E	293	293
294	A	294	294
295	E	295	295
296	V	296	296
297	H	297	297
298	R	298	298
299	L	299	299
300	V	300	300
301	V	301	301
302	V	302	302
303	D	303	303
304	E	304	304
305	H	305	305
306	D	306	306
307	V	307	307
308	V	308	308
309	K	309	309
310	G	310	310
311	I	311	311
312	V	312	312
313	S	313	313
314	L	314	314
315	S	315	315
316	D	316	316
317	I	317	317
318	L	318	318
319	Q	319	319
320	A	320	320
321	L	321	321
322	V	322	322
323	L	323	323
324	T	324	324
325	G	325	325
326	G	326	326
