UNIPROT_SEQ_NUM	UNIPROT	PDBResNumAuthor	PDBResNumCIF
159	I	159	2
160	G	160	3
161	W	161	4
162	R	162	5
163	R	163	6
164	E	164	7
165	G	165	8
166	I	166	9
167	K	167	10
168	Y	168	11
169	R	169	12
170	R	170	13
171	N	171	14
172	E	172	15
173	L	173	16
174	F	174	17
175	L	175	18
176	D	176	19
177	V	177	20
178	L	178	21
179	E	179	22
180	S	180	23
181	V	181	24
182	N	182	25
183	L	183	26
184	L	184	27
185	M	185	28
186	S	186	29
187	P	187	30
188	Q	188	31
189	G	189	32
190	Q	190	33
191	V	191	34
192	L	192	35
193	S	193	36
194	A	194	37
195	H	195	38
196	V	196	39
197	S	197	40
198	G	198	41
199	R	199	42
200	V	200	43
201	V	201	44
202	M	202	45
203	K	203	46
204	S	204	47
205	Y	205	48
206	L	206	49
207	S	207	50
208	G	208	51
209	M	209	52
210	P	210	53
211	E	211	54
212	C	212	55
213	K	213	56
214	F	214	57
215	G	215	58
216	M	216	59
217	N	217	60
218	D	218	61
219	K	219	62
238	K	238	81
239	Q	239	82
240	S	240	83
241	I	241	84
242	A	242	85
243	I	243	86
244	D	244	87
245	D	245	88
246	C	246	89
247	T	247	90
248	F	248	91
249	H	249	92
250	Q	250	93
251	C	251	94
252	V	252	95
253	R	253	96
254	L	254	97
255	S	255	98
256	K	256	99
257	F	257	100
258	D	258	101
259	S	259	102
260	E	260	103
261	R	261	104
262	S	262	105
263	I	263	106
264	S	264	107
265	F	265	108
266	I	266	109
267	P	267	110
268	P	268	111
269	D	269	112
270	G	270	113
271	E	271	114
272	F	272	115
273	E	273	116
274	L	274	117
275	M	275	118
276	R	276	119
277	Y	277	120
278	R	278	121
279	T	279	122
280	T	280	123
281	K	281	124
282	D	282	125
283	I	283	126
284	I	284	127
285	L	285	128
286	P	286	129
287	F	287	130
288	R	288	131
289	V	289	132
290	I	290	133
291	P	291	134
292	L	292	135
293	V	293	136
294	R	294	137
295	E	295	138
296	V	296	139
297	G	297	140
298	R	298	141
299	T	299	142
300	K	300	143
301	L	301	144
302	E	302	145
303	V	303	146
304	K	304	147
305	V	305	148
306	V	306	149
307	I	307	150
308	K	308	151
309	S	309	152
310	N	310	153
311	F	311	154
312	K	312	155
313	P	313	156
314	S	314	157
315	L	315	158
316	L	316	159
317	A	317	160
318	Q	318	161
319	K	319	162
320	I	320	163
321	E	321	164
322	V	322	165
323	R	323	166
324	I	324	167
325	P	325	168
326	T	326	169
327	P	327	170
328	L	328	171
329	N	329	172
330	T	330	173
331	S	331	174
332	G	332	175
333	V	333	176
334	Q	334	177
335	V	335	178
336	I	336	179
337	C	337	180
338	M	338	181
339	K	339	182
340	G	340	183
341	K	341	184
342	A	342	185
343	K	343	186
344	Y	344	187
345	K	345	188
346	A	346	189
347	S	347	190
348	E	348	191
349	N	349	192
350	A	350	193
351	I	351	194
352	V	352	195
353	W	353	196
354	K	354	197
355	I	355	198
356	K	356	199
357	R	357	200
358	M	358	201
359	A	359	202
360	G	360	203
361	M	361	204
362	K	362	205
363	E	363	206
364	S	364	207
365	Q	365	208
366	I	366	209
367	S	367	210
368	A	368	211
369	E	369	212
370	I	370	213
371	E	371	214
372	L	372	215
373	L	373	216
374	P	374	217
375	T	375	218
376	N	376	219
377	D	377	220
378	K	378	221
379	K	379	222
380	K	380	223
381	W	381	224
382	A	382	225
383	R	383	226
384	P	384	227
385	P	385	228
386	I	386	229
387	S	387	230
388	M	388	231
389	N	389	232
390	F	390	233
391	E	391	234
392	V	392	235
393	P	393	236
394	F	394	237
395	A	395	238
396	P	396	239
397	S	397	240
398	G	398	241
399	L	399	242
400	K	400	243
401	V	401	244
402	R	402	245
403	Y	403	246
404	L	404	247
405	K	405	248
406	V	406	249
407	F	407	250
408	E	408	251
409	P	409	252
410	K	410	253
411	L	411	254
412	N	412	255
413	Y	413	256
414	S	414	257
415	D	415	258
416	H	416	259
417	D	417	260
418	V	418	261
419	I	419	262
420	K	420	263
421	W	421	264
422	V	422	265
423	R	423	266
424	Y	424	267
425	I	425	268
426	G	426	269
427	R	427	270
428	S	428	271
429	G	429	272
430	I	430	273
431	Y	431	274
432	E	432	275
433	T	433	276
434	R	434	277
435	C	435	278
