UNIPROT_SEQ_NUM	UNIPROT	PDBResNumAuthor	PDBResNumCIF
159	I	159	23
160	G	160	24
161	W	161	25
162	R	162	26
163	R	163	27
164	E	164	28
165	G	165	29
166	I	166	30
167	K	167	31
168	Y	168	32
169	R	169	33
170	R	170	34
171	N	171	35
172	E	172	36
173	L	173	37
174	F	174	38
175	L	175	39
176	D	176	40
177	V	177	41
178	L	178	42
179	E	179	43
180	S	180	44
181	V	181	45
182	N	182	46
183	L	183	47
184	L	184	48
185	M	185	49
186	S	186	50
187	P	187	51
188	Q	188	52
189	G	189	53
190	Q	190	54
191	V	191	55
192	L	192	56
193	S	193	57
194	A	194	58
195	H	195	59
196	V	196	60
197	S	197	61
198	G	198	62
199	R	199	63
200	V	200	64
201	V	201	65
202	M	202	66
203	K	203	67
204	S	204	68
205	Y	205	69
206	L	206	70
207	S	207	71
208	G	208	72
209	M	209	73
210	P	210	74
211	E	211	75
212	C	212	76
213	K	213	77
214	F	214	78
215	G	215	79
216	M	216	80
217	N	217	81
218	D	218	82
219	K	219	83
238	K	238	102
239	Q	239	103
240	S	240	104
241	I	241	105
242	A	242	106
243	I	243	107
244	D	244	108
245	D	245	109
246	C	246	110
247	T	247	111
248	F	248	112
249	H	249	113
250	Q	250	114
251	C	251	115
252	V	252	116
253	R	253	117
254	L	254	118
255	S	255	119
261	R	261	125
262	S	262	126
263	I	263	127
264	S	264	128
265	F	265	129
266	I	266	130
267	P	267	131
268	P	268	132
269	D	269	133
270	G	270	134
271	E	271	135
272	F	272	136
273	E	273	137
274	L	274	138
275	M	275	139
276	R	276	140
277	Y	277	141
278	R	278	142
279	T	279	143
280	T	280	144
281	K	281	145
282	D	282	146
283	I	283	147
284	I	284	148
285	L	285	149
286	P	286	150
287	F	287	151
288	R	288	152
289	V	289	153
290	I	290	154
291	P	291	155
292	L	292	156
293	V	293	157
294	R	294	158
295	E	295	159
296	V	296	160
297	G	297	161
298	R	298	162
299	T	299	163
300	K	300	164
301	L	301	165
302	E	302	166
303	V	303	167
304	K	304	168
305	V	305	169
306	V	306	170
307	I	307	171
308	K	308	172
309	S	309	173
310	N	310	174
311	F	311	175
312	K	312	176
313	P	313	177
314	S	314	178
315	L	315	179
316	L	316	180
317	A	317	181
318	Q	318	182
319	K	319	183
320	I	320	184
321	E	321	185
322	V	322	186
323	R	323	187
324	I	324	188
325	P	325	189
326	T	326	190
327	P	327	191
328	L	328	192
329	N	329	193
330	T	330	194
331	S	331	195
332	G	332	196
333	V	333	197
334	Q	334	198
335	V	335	199
336	I	336	200
337	C	337	201
338	M	338	202
339	K	339	203
340	G	340	204
341	K	341	205
342	A	342	206
343	K	343	207
344	Y	344	208
345	K	345	209
346	A	346	210
347	S	347	211
348	E	348	212
349	N	349	213
350	A	350	214
351	I	351	215
352	V	352	216
353	W	353	217
354	K	354	218
355	I	355	219
356	K	356	220
357	R	357	221
358	M	358	222
359	A	359	223
360	G	360	224
361	M	361	225
362	K	362	226
363	E	363	227
364	S	364	228
365	Q	365	229
366	I	366	230
367	S	367	231
368	A	368	232
369	E	369	233
370	I	370	234
371	E	371	235
372	L	372	236
373	L	373	237
374	P	374	238
375	T	375	239
376	N	376	240
377	D	377	241
378	K	378	242
379	K	379	243
380	K	380	244
381	W	381	245
382	A	382	246
383	R	383	247
384	P	384	248
385	P	385	249
386	I	386	250
387	S	387	251
388	M	388	252
389	N	389	253
390	F	390	254
391	E	391	255
392	V	392	256
393	P	393	257
394	F	394	258
395	A	395	259
396	P	396	260
397	S	397	261
398	G	398	262
399	L	399	263
400	K	400	264
401	V	401	265
402	R	402	266
403	Y	403	267
404	L	404	268
405	K	405	269
406	V	406	270
407	F	407	271
408	E	408	272
409	P	409	273
410	K	410	274
411	L	411	275
412	N	412	276
413	Y	413	277
414	S	414	278
415	D	415	279
416	H	416	280
417	D	417	281
418	V	418	282
419	I	419	283
420	K	420	284
421	W	421	285
422	V	422	286
423	R	423	287
424	Y	424	288
425	I	425	289
426	G	426	290
427	R	427	291
428	S	428	292
429	G	429	293
430	I	430	294
431	Y	431	295
432	E	432	296
433	T	433	297
434	R	434	298
435	C	435	299
