UNIPROT_SEQ_NUM	UNIPROT	PDBResNumAuthor	PDBResNumCIF
159	I	159	159
160	G	160	160
161	W	161	161
162	R	162	162
163	R	163	163
164	E	164	164
165	G	165	165
166	I	166	166
167	K	167	167
168	Y	168	168
169	R	169	169
170	R	170	170
171	N	171	171
172	E	172	172
173	L	173	173
174	F	174	174
175	L	175	175
176	D	176	176
177	V	177	177
178	L	178	178
179	E	179	179
180	S	180	180
181	V	181	181
182	N	182	182
183	L	183	183
184	L	184	184
185	M	185	185
186	S	186	186
187	P	187	187
188	Q	188	188
189	G	189	189
190	Q	190	190
191	V	191	191
192	L	192	192
193	S	193	193
194	A	194	194
195	H	195	195
196	V	196	196
197	S	197	197
198	G	198	198
199	R	199	199
200	V	200	200
201	V	201	201
202	M	202	202
203	K	203	203
204	S	204	204
205	Y	205	205
206	L	206	206
207	S	207	207
208	G	208	208
209	M	209	209
210	P	210	210
211	E	211	211
212	C	212	212
213	K	213	213
214	F	214	214
215	G	215	215
216	M	216	216
217	N	217	217
218	D	218	218
219	K	219	219
240	S	240	240
241	I	241	241
242	A	242	242
243	I	243	243
244	D	244	244
245	D	245	245
246	C	246	246
247	T	247	247
248	F	248	248
249	H	249	249
250	Q	250	250
251	C	251	251
252	V	252	252
253	R	253	253
254	L	254	254
255	S	255	255
260	E	260	260
261	R	261	261
262	S	262	262
263	I	263	263
264	S	264	264
265	F	265	265
266	I	266	266
267	P	267	267
268	P	268	268
269	D	269	269
270	G	270	270
271	E	271	271
272	F	272	272
273	E	273	273
274	L	274	274
275	M	275	275
276	R	276	276
277	Y	277	277
278	R	278	278
279	T	279	279
280	T	280	280
281	K	281	281
282	D	282	282
283	I	283	283
284	I	284	284
285	L	285	285
286	P	286	286
287	F	287	287
288	R	288	288
289	V	289	289
290	I	290	290
291	P	291	291
292	L	292	292
293	V	293	293
294	R	294	294
295	E	295	295
296	V	296	296
297	G	297	297
298	R	298	298
299	T	299	299
300	K	300	300
301	L	301	301
302	E	302	302
303	V	303	303
304	K	304	304
305	V	305	305
306	V	306	306
307	I	307	307
308	K	308	308
309	S	309	309
310	N	310	310
311	F	311	311
312	K	312	312
313	P	313	313
314	S	314	314
315	L	315	315
316	L	316	316
317	A	317	317
318	Q	318	318
319	K	319	319
320	I	320	320
321	E	321	321
322	V	322	322
323	R	323	323
324	I	324	324
325	P	325	325
326	T	326	326
327	P	327	327
328	L	328	328
329	N	329	329
330	T	330	330
331	S	331	331
332	G	332	332
333	V	333	333
334	Q	334	334
335	V	335	335
336	I	336	336
337	C	337	337
338	M	338	338
339	K	339	339
340	G	340	340
341	K	341	341
342	A	342	342
343	K	343	343
344	Y	344	344
345	K	345	345
346	A	346	346
347	S	347	347
348	E	348	348
349	N	349	349
350	A	350	350
351	I	351	351
352	V	352	352
353	W	353	353
354	K	354	354
355	I	355	355
356	K	356	356
357	R	357	357
358	M	358	358
359	A	359	359
360	G	360	360
361	M	361	361
362	K	362	362
363	E	363	363
364	S	364	364
365	Q	365	365
366	I	366	366
367	S	367	367
368	A	368	368
369	E	369	369
370	I	370	370
371	E	371	371
372	L	372	372
373	L	373	373
374	P	374	374
375	T	375	375
376	N	376	376
377	D	377	377
378	K	378	378
379	K	379	379
380	K	380	380
381	W	381	381
382	A	382	382
383	R	383	383
384	P	384	384
385	P	385	385
386	I	386	386
387	S	387	387
388	M	388	388
389	N	389	389
390	F	390	390
391	E	391	391
392	V	392	392
393	P	393	393
394	F	394	394
395	A	395	395
396	P	396	396
397	S	397	397
398	G	398	398
399	L	399	399
400	K	400	400
401	V	401	401
402	R	402	402
403	Y	403	403
404	L	404	404
405	K	405	405
406	V	406	406
407	F	407	407
408	E	408	408
409	P	409	409
410	K	410	410
411	L	411	411
412	N	412	412
413	Y	413	413
414	S	414	414
415	D	415	415
416	H	416	416
417	D	417	417
418	V	418	418
419	I	419	419
420	K	420	420
421	W	421	421
422	V	422	422
423	R	423	423
424	Y	424	424
425	I	425	425
426	G	426	426
427	R	427	427
428	S	428	428
429	G	429	429
430	I	430	430
431	Y	431	431
432	E	432	432
433	T	433	433
434	R	434	434
435	C	435	435
