UNIPROT_SEQ_NUM	UNIPROT	PDBResNumAuthor	PDBResNumCIF
159	I	159	159
160	G	160	160
161	W	161	161
162	R	162	162
163	R	163	163
164	E	164	164
165	G	165	165
166	I	166	166
167	K	167	167
168	Y	168	168
169	R	169	169
170	R	170	170
171	N	171	171
172	E	172	172
173	L	173	173
174	F	174	174
175	L	175	175
176	D	176	176
177	V	177	177
178	L	178	178
179	E	179	179
180	S	180	180
181	V	181	181
182	N	182	182
183	L	183	183
184	L	184	184
185	M	185	185
186	S	186	186
187	P	187	187
188	Q	188	188
189	G	189	189
190	Q	190	190
191	V	191	191
192	L	192	192
193	S	193	193
194	A	194	194
195	H	195	195
196	V	196	196
197	S	197	197
198	G	198	198
199	R	199	199
200	V	200	200
201	V	201	201
202	M	202	202
203	K	203	203
204	S	204	204
205	Y	205	205
206	L	206	206
207	S	207	207
208	G	208	208
209	M	209	209
210	P	210	210
211	E	211	211
212	C	212	212
213	K	213	213
214	F	214	214
215	G	215	215
216	M	216	216
217	N	217	217
218	D	218	218
219	K	219	219
220	I	220	220
221	V	221	221
222	I	222	222
240	S	240	251
241	I	241	252
242	A	242	253
243	I	243	254
244	D	244	255
245	D	245	256
246	C	246	257
247	T	247	258
248	F	248	259
249	H	249	260
250	Q	250	261
251	C	251	262
252	V	252	263
253	R	253	264
254	L	254	265
255	S	255	266
261	R	261	272
262	S	262	273
263	I	263	274
264	S	264	275
265	F	265	276
266	I	266	277
267	P	267	278
268	P	268	279
269	D	269	280
270	G	270	281
271	E	271	282
272	F	272	283
273	E	273	284
274	L	274	285
275	M	275	286
276	R	276	287
277	Y	277	288
278	R	278	289
279	T	279	290
280	T	280	291
281	K	281	292
282	D	282	293
283	I	283	294
284	I	284	295
285	L	285	296
286	P	286	297
287	F	287	298
288	R	288	299
289	V	289	300
290	I	290	301
291	P	291	302
292	L	292	303
293	V	293	304
294	R	294	305
295	E	295	306
296	V	296	307
297	G	297	308
298	R	298	309
299	T	299	310
300	K	300	311
301	L	301	312
302	E	302	313
303	V	303	314
304	K	304	315
305	V	305	316
306	V	306	317
307	I	307	318
308	K	308	319
309	S	309	320
310	N	310	321
311	F	311	322
312	K	312	323
313	P	313	324
314	S	314	325
315	L	315	326
316	L	316	327
317	A	317	328
318	Q	318	329
319	K	319	330
320	I	320	331
321	E	321	332
322	V	322	333
323	R	323	334
324	I	324	335
325	P	325	336
326	T	326	337
327	P	327	338
328	L	328	339
329	N	329	340
330	T	330	341
331	S	331	342
332	G	332	343
333	V	333	344
334	Q	334	345
335	V	335	346
336	I	336	347
337	C	337	348
338	M	338	349
339	K	339	350
340	G	340	351
341	K	341	352
342	A	342	353
343	K	343	354
344	Y	344	355
345	K	345	356
346	A	346	357
347	S	347	358
348	E	348	359
349	N	349	360
350	A	350	361
351	I	351	362
352	V	352	363
353	W	353	364
354	K	354	365
355	I	355	366
356	K	356	367
357	R	357	368
358	M	358	369
359	A	359	370
360	G	360	371
361	M	361	372
362	K	362	373
363	E	363	374
364	S	364	375
365	Q	365	376
366	I	366	377
367	S	367	378
368	A	368	379
369	E	369	380
370	I	370	381
371	E	371	382
372	L	372	383
373	L	373	384
374	P	374	385
375	T	375	386
376	N	376	387
377	D	377	388
378	K	378	389
379	K	379	390
380	K	380	391
381	W	381	392
382	A	382	393
383	R	383	394
384	P	384	395
385	P	385	396
386	I	386	397
387	S	387	398
388	M	388	399
389	N	389	400
390	F	390	401
391	E	391	402
392	V	392	403
393	P	393	404
394	F	394	405
395	A	395	406
396	P	396	407
397	S	397	408
398	G	398	409
399	L	399	410
400	K	400	411
401	V	401	412
402	R	402	413
403	Y	403	414
404	L	404	415
405	K	405	416
406	V	406	417
407	F	407	418
408	E	408	419
409	P	409	420
410	K	410	421
411	L	411	422
412	N	412	423
413	Y	413	424
414	S	414	425
415	D	415	426
416	H	416	427
417	D	417	428
418	V	418	429
419	I	419	430
420	K	420	431
421	W	421	432
422	V	422	433
423	R	423	434
424	Y	424	435
425	I	425	436
426	G	426	437
427	R	427	438
428	S	428	439
429	G	429	440
430	I	430	441
431	Y	431	442
432	E	432	443
433	T	433	444
434	R	434	445
435	C	435	446
