UNIPROT_SEQ_NUM	UNIPROT	PDBResNumAuthor	PDBResNumCIF
60	A	50	50
61	F	51	51
62	P	52	52
63	P	53	53
64	V	54	54
65	S	55	55
66	H	56	56
67	S	57	57
68	L	58	58
69	G	59	59
70	F	60	60
71	K	61	61
72	E	62	62
73	L	63	63
74	G	64	64
75	P	65	65
76	N	66	66
77	S	67	67
78	S	68	68
79	K	69	69
80	T	70	70
81	Y	71	71
82	G	72	72
83	I	73	73
84	K	74	74
85	W	75	75
86	K	76	76
87	R	77	77
88	P	78	78
89	T	79	79
90	E	80	80
91	L	81	81
92	L	82	82
93	S	83	83
94	N	84	84
95	P	85	85
96	Q	86	86
97	F	87	87
98	I	88	88
99	V	89	89
100	D	90	90
101	G	91	91
102	A	92	92
103	T	93	93
104	R	94	94
105	T	95	95
106	D	96	96
107	I	97	97
108	C	98	98
109	Q	99	99
110	G	100	100
111	A	101	101
112	L	102	102
113	G	103	103
114	D	104	104
115	C	105	105
116	W	106	106
117	L	107	107
118	L	108	108
119	A	109	109
120	A	110	110
121	I	111	111
122	A	112	112
123	S	113	113
124	L	114	114
125	T	115	115
126	L	116	116
127	N	117	117
128	E	118	118
129	T	119	119
130	I	120	120
131	L	121	121
132	H	122	122
133	R	123	123
134	V	124	124
135	V	125	125
136	P	126	126
137	Y	127	127
138	G	128	128
139	Q	129	129
140	S	130	130
141	F	131	131
142	Q	132	132
143	E	133	133
144	G	134	134
145	Y	135	135
146	A	136	136
147	G	137	137
148	I	138	138
149	F	139	139
150	H	140	140
151	F	141	141
152	Q	142	142
153	L	143	143
154	W	144	144
155	Q	145	145
156	F	146	146
157	G	147	147
158	E	148	148
159	W	149	149
160	V	150	150
161	D	151	151
162	V	152	152
163	V	153	153
164	V	154	154
165	D	155	155
166	D	156	156
167	L	157	157
168	L	158	158
169	P	159	159
170	T	160	160
171	K	161	161
172	D	162	162
173	G	163	163
174	K	164	164
175	L	165	165
176	V	166	166
177	F	167	167
178	V	168	168
179	H	169	169
180	S	170	170
181	A	171	171
182	Q	172	172
183	G	173	173
184	N	174	174
185	E	175	175
186	F	176	176
187	W	177	177
188	S	178	178
189	A	179	179
190	L	180	180
191	L	181	181
192	E	182	182
193	K	183	183
194	A	184	184
195	Y	185	185
196	A	186	186
197	K	187	187
198	V	188	188
199	N	189	189
200	G	190	190
201	S	191	191
202	Y	192	192
203	E	193	193
204	A	194	194
205	L	195	195
206	S	196	196
207	G	197	197
208	G	198	198
209	C	199	199
210	T	200	200
211	S	201	201
212	E	202	202
213	A	203	203
214	F	204	204
215	E	205	205
216	D	206	206
217	F	207	207
218	T	208	208
219	G	209	209
220	G	210	210
221	V	211	211
222	T	212	212
223	E	213	213
224	W	214	214
225	Y	215	215
226	D	216	216
227	L	217	217
228	Q	218	218
229	K	219	219
230	A	220	220
231	P	221	221
232	S	222	222
233	D	223	223
234	L	224	224
235	Y	225	225
236	Q	226	226
237	I	227	227
238	I	228	228
239	L	229	229
240	K	230	230
241	A	231	231
242	L	232	232
243	E	233	233
244	R	234	234
245	G	235	235
246	S	236	236
247	L	237	237
248	L	238	238
249	G	239	239
250	C	240	240
251	S	241	241
252	I	242	242
253	N	243	243
254	I	244	244
264	T	254	254
265	F	255	255
266	K	256	256
267	N	257	257
268	L	258	258
272	H	262	262
273	A	263	263
274	Y	264	264
275	S	265	265
276	V	266	266
277	T	267	267
278	D	268	268
279	A	269	269
280	K	270	270
281	Q	271	271
282	V	272	272
283	T	273	273
284	Y	274	274
285	Q	275	275
286	G	276	276
287	Q	277	277
288	R	278	278
289	V	279	279
290	N	280	280
291	L	281	281
292	I	282	282
293	R	283	283
294	M	284	284
295	R	285	285
296	N	286	286
297	P	287	287
298	W	288	288
299	G	289	289
300	E	290	290
301	V	291	291
302	E	292	292
303	W	293	293
304	K	294	294
305	G	295	295
306	P	296	296
307	W	297	297
308	S	298	298
310	N	300	300
311	S	301	301
312	Y	302	302
313	E	303	303
314	W	304	304
315	N	305	305
316	K	306	306
317	V	307	307
318	D	308	308
319	P	309	309
320	Y	310	310
321	E	311	311
322	R	312	312
323	E	313	313
324	Q	314	314
325	L	315	315
326	R	316	316
327	V	317	317
328	K	318	318
329	M	319	319
330	E	320	320
331	D	321	321
332	G	322	322
333	E	323	323
334	F	324	324
335	W	325	325
336	M	326	326
337	S	327	327
338	F	328	328
339	R	329	329
340	D	330	330
341	F	331	331
342	I	332	332
343	R	333	333
344	E	334	334
345	F	335	335
346	T	336	336
347	K	337	337
348	L	338	338
349	E	339	339
350	I	340	340
351	C	341	341
352	N	342	342
353	L	343	343
354	T	344	344
355	P	345	345
358	L	348	348
359	K	349	349
360	S	350	350
361	R	351	351
362	T	352	352
363	L	353	353
364	R	354	354
365	N	355	355
366	W	356	356
367	N	357	357
368	T	358	358
369	T	359	359
370	F	360	360
371	Y	361	361
372	E	362	362
373	G	363	363
374	T	364	364
375	W	365	365
376	R	366	366
377	R	367	367
378	G	368	368
379	S	369	369
380	T	370	370
381	A	371	371
382	G	372	372
383	G	373	373
384	C	374	374
385	R	375	375
386	N	376	376
387	Y	377	377
388	P	378	378
389	A	379	379
390	T	380	380
391	F	381	381
392	W	382	382
393	V	383	383
394	N	384	384
395	P	385	385
396	Q	386	386
397	F	387	387
398	K	388	388
399	I	389	389
400	R	390	390
401	L	391	391
402	E	392	392
403	E	393	393
404	V	394	394
405	D	395	395
406	D	396	396
412	S	402	402
413	R	403	403
414	E	404	404
415	S	405	405
416	G	406	406
417	C	407	407
418	S	408	408
419	F	409	409
420	L	410	410
421	L	411	411
422	A	412	412
423	L	413	413
424	M	414	414
425	Q	415	415
426	K	416	416
437	D	427	427
438	M	428	428
439	E	429	429
440	T	430	430
441	I	431	431
442	G	432	432
443	F	433	433
444	A	434	434
445	V	435	435
446	Y	436	436
447	Q	437	437
448	V	438	438
449	P	439	439
450	R	440	440
451	E	441	441
452	L	442	442
457	V	447	447
458	H	448	448
459	L	449	449
460	K	450	450
461	R	451	451
462	D	452	452
463	F	453	453
464	F	454	454
465	L	455	455
466	A	456	456
467	N	457	457
468	A	458	458
469	S	459	459
470	R	460	460
471	A	461	461
472	Q	462	462
473	S	463	463
474	E	464	464
475	H	465	465
476	F	466	466
477	I	467	467
478	N	468	468
479	L	469	469
480	R	470	470
481	E	471	471
482	V	472	472
483	S	473	473
484	N	474	474
485	R	475	475
486	I	476	476
487	R	477	477
488	L	478	478
489	P	479	479
490	P	480	480
491	G	481	481
492	E	482	482
493	Y	483	483
494	I	484	484
495	V	485	485
496	V	486	486
497	P	487	487
498	S	488	488
499	T	489	489
500	F	490	490
501	E	491	491
502	P	492	492
503	N	493	493
504	K	494	494
505	E	495	495
506	G	496	496
507	D	497	497
508	F	498	498
509	L	499	499
510	L	500	500
511	R	501	501
512	F	502	502
513	F	503	503
514	S	504	504
515	E	505	505
516	K	506	506
517	K	507	507
518	A	508	508
519	G	509	509
520	T	510	510
521	Q	511	511
522	E	512	512
523	L	513	513
524	D	514	514
525	D	515	515
526	Q	516	516
527	I	517	517
528	Q	518	518
529	A	519	519
530	N	520	520
531	L	521	521
532	P	522	522
551	S	541	541
552	K	542	542
553	L	543	543
554	A	544	544
555	G	545	545
556	D	546	546
557	D	547	547
558	M	548	548
559	E	549	549
560	I	550	550
561	S	551	551
562	V	552	552
563	K	553	553
564	E	554	554
565	L	555	555
566	Q	556	556
567	T	557	557
568	I	558	558
569	L	559	559
570	N	560	560
580	R	570	570
581	T	571	571
582	N	572	572
583	G	573	573
584	F	574	574
585	S	575	575
586	L	576	576
587	E	577	577
588	S	578	578
589	C	579	579
590	R	580	580
591	S	581	581
592	M	582	582
593	V	583	583
594	N	584	584
595	L	585	585
596	M	586	586
597	D	587	587
598	R	588	588
601	N	591	591
602	G	592	592
603	K	593	593
604	L	594	594
605	G	595	595
606	L	596	596
607	V	597	597
608	E	598	598
609	F	599	599
610	N	600	600
611	I	601	601
612	L	602	602
613	W	603	603
614	N	604	604
615	R	605	605
616	I	606	606
617	R	607	607
618	N	608	608
619	Y	609	609
620	L	610	610
621	T	611	611
622	I	612	612
623	F	613	613
624	R	614	614
625	K	615	615
626	F	616	616
627	D	617	617
628	L	618	618
629	D	619	619
630	K	620	620
631	S	621	621
632	G	622	622
633	S	623	623
634	M	624	624
635	S	625	625
636	A	626	626
637	Y	627	627
638	E	628	628
639	M	629	629
640	R	630	630
641	M	631	631
642	A	632	632
643	I	633	633
644	E	634	634
645	A	635	635
646	A	636	636
647	G	637	637
648	F	638	638
649	K	639	639
650	L	640	640
