UNIPROT_SEQ_NUM	UNIPROT	PDBResNumAuthor	PDBResNumCIF
404	N	7	5
405	H	8	6
406	L	9	7
407	S	10	8
408	I	11	9
409	V	12	10
410	T	13	11
411	L	14	12
412	E	15	13
413	E	16	14
414	A	17	15
415	P	18	16
416	F	19	17
417	V	20	18
418	I	21	19
419	V	22	20
420	E	23	21
421	D	24	22
422	I	25	23
423	D	26	24
424	P	27	25
425	L	28	26
426	T	29	27
427	E	30	28
428	T	31	29
429	C	32	30
430	V	33	31
431	R	34	32
432	N	35	33
433	T	36	34
434	V	37	35
435	P	38	36
436	C	39	37
437	R	40	38
438	K	41	39
439	F	42	40
440	V	43	41
441	K	44	42
442	I	45	43
443	N	46	44
444	N	47	45
445	S	48	46
446	T	49	47
447	N	50	48
448	E	51	49
449	G	52	50
450	M	53	51
451	N	54	52
452	V	55	53
453	K	56	54
454	K	57	55
455	C	58	56
456	C	59	57
457	K	60	58
458	G	61	59
459	F	62	60
460	C	63	61
461	I	64	62
462	D	65	63
463	I	66	64
464	L	67	65
465	K	68	66
466	K	69	67
467	L	70	68
468	S	71	69
469	R	72	70
470	T	73	71
471	V	74	72
472	K	75	73
473	F	76	74
474	T	77	75
475	Y	78	76
476	D	79	77
477	L	80	78
478	Y	81	79
479	L	82	80
480	V	83	81
481	T	84	82
482	N	85	83
483	G	86	84
484	K	87	85
485	H	88	86
486	G	89	87
487	K	90	88
488	K	91	89
489	V	92	90
490	N	93	91
491	N	94	92
492	V	95	93
493	W	96	94
494	N	97	95
495	G	98	96
496	M	99	97
497	I	100	98
498	G	101	99
499	E	102	100
500	V	103	101
501	V	104	102
502	Y	105	103
503	Q	106	104
504	R	107	105
505	A	108	106
506	V	109	107
507	M	110	108
508	A	111	109
509	V	112	110
510	G	113	111
511	S	114	112
512	L	115	113
513	T	116	114
514	I	117	115
515	N	118	116
516	E	119	117
517	E	120	118
518	R	121	119
519	S	122	120
520	E	123	121
521	V	124	122
522	V	125	123
523	D	126	124
524	F	127	125
525	S	128	126
526	V	129	127
527	P	130	128
528	F	131	129
529	V	132	130
530	E	133	131
531	T	134	132
532	G	135	133
533	I	136	134
534	S	137	135
535	V	138	136
536	M	139	137
537	V	140	138
538	S	141	139
539	R	142	140
542	G	143	141
543	T	144	142
661	Q	145	143
662	V	146	144
663	T	147	145
664	G	148	146
665	L	149	147
666	S	150	148
667	D	151	149
668	K	152	150
669	K	153	151
670	F	154	152
671	Q	155	153
672	R	156	154
673	P	157	155
674	H	158	156
675	D	159	157
676	Y	160	158
677	S	161	159
678	P	162	160
679	P	163	161
680	F	164	162
681	R	165	163
682	F	166	164
683	G	167	165
684	T	168	166
685	V	169	167
686	P	170	168
687	N	171	169
688	G	172	170
689	S	173	171
690	T	174	172
691	E	175	173
692	R	176	174
693	N	177	175
694	I	178	176
695	R	179	177
696	N	180	178
697	N	181	179
698	Y	182	180
699	P	183	181
700	Y	184	182
701	M	185	183
702	H	186	184
703	Q	187	185
704	Y	188	186
705	M	189	187
706	T	190	188
707	R	191	189
708	F	192	190
709	N	193	191
710	Q	194	192
711	R	195	193
712	G	196	194
713	V	197	195
714	E	198	196
715	D	199	197
716	A	200	198
717	L	201	199
718	V	202	200
719	S	203	201
720	L	204	202
721	K	205	203
722	T	206	204
723	G	207	205
724	K	208	206
725	L	209	207
726	D	210	208
727	A	211	209
728	F	212	210
729	I	213	211
730	Y	214	212
731	D	215	213
732	A	216	214
733	A	217	215
734	V	218	216
735	L	219	217
736	N	220	218
737	Y	221	219
738	K	222	220
739	A	223	221
740	G	224	222
741	R	225	223
742	D	226	224
743	E	227	225
744	G	228	226
745	C	229	227
746	K	230	228
747	L	231	229
748	V	232	230
749	T	233	231
750	I	234	232
751	G	235	233
754	Y	238	236
755	I	239	237
756	F	240	238
757	A	241	239
758	S	242	240
759	T	243	241
760	G	244	242
761	Y	245	243
762	G	246	244
763	I	247	245
764	A	248	246
765	L	249	247
766	Q	250	248
767	K	251	249
768	G	252	250
769	S	253	251
770	P	254	252
771	W	255	253
772	K	256	254
773	R	257	255
774	Q	258	256
775	I	259	257
776	D	260	258
777	L	261	259
778	A	262	260
779	L	263	261
780	L	264	262
781	Q	265	263
782	F	266	264
783	V	267	265
784	G	268	266
785	D	269	267
786	G	270	268
787	E	271	269
788	M	272	270
789	E	273	271
790	E	274	272
791	L	275	273
792	E	276	274
793	T	277	275
794	L	278	276
795	W	279	277
796	L	280	278
797	T	281	279
798	G	282	280
799	I	283	281
800	C	284	282
