UNIPROT_SEQ_NUM	UNIPROT	PDBResNumAuthor	PDBResNumCIF
29	A	29	29
30	V	30	30
31	T	31	31
32	V	32	32
33	A	33	33
34	V	34	34
35	V	35	35
36	F	36	36
37	G	37	37
38	S	38	38
39	S	39	39
40	G	40	40
41	P	41	41
42	L	42	42
43	Q	43	43
44	T	44	44
45	Q	45	45
46	A	46	46
47	R	47	47
48	T	48	48
49	R	49	49
50	L	50	50
51	T	51	51
52	S	52	52
53	Q	53	53
54	N	54	54
55	F	55	55
56	L	56	56
57	D	57	57
58	L	58	58
59	P	59	59
60	L	60	60
61	E	61	61
62	I	62	62
63	Q	63	63
64	P	64	64
65	L	65	65
66	T	66	66
67	V	67	67
68	G	68	68
69	V	69	69
70	N	70	70
71	N	71	71
72	T	72	72
73	N	73	73
74	P	74	74
75	S	75	75
76	S	76	76
77	I	77	77
78	L	78	78
79	T	79	79
80	Q	80	80
81	I	81	81
82	C	82	82
83	G	83	83
84	L	84	84
85	L	85	85
86	G	86	86
87	A	87	87
88	A	88	88
89	R	89	89
90	V	90	90
91	H	91	91
92	G	92	92
93	I	93	93
94	V	94	94
95	F	95	95
96	E	96	96
97	D	97	97
98	N	98	98
99	V	99	99
100	D	100	100
101	T	101	101
102	E	102	102
103	A	103	103
104	V	104	104
105	A	105	105
106	Q	106	106
107	L	107	107
108	L	108	108
109	D	109	109
110	F	110	110
111	V	111	111
112	S	112	112
113	S	113	113
114	Q	114	114
115	T	115	115
116	H	116	116
117	V	117	117
118	P	118	118
119	I	119	119
120	L	120	120
121	S	121	121
122	I	122	122
123	S	123	123
124	G	124	124
125	G	125	125
126	S	126	126
127	A	127	127
128	V	128	128
129	V	129	129
130	L	130	130
131	T	131	131
132	P	132	132
133	K	133	133
134	E	134	134
135	P	135	135
136	G	136	136
137	S	137	137
138	A	138	138
139	F	139	139
140	L	140	140
141	Q	141	141
142	L	142	142
143	G	143	143
144	V	144	144
145	S	145	145
146	L	146	146
147	E	147	147
148	Q	148	148
149	Q	149	149
150	L	150	150
151	Q	151	151
152	V	152	152
153	L	153	153
154	F	154	154
155	K	155	155
156	V	156	156
157	L	157	157
158	E	158	158
159	E	159	159
160	Y	160	160
161	D	161	161
162	W	162	162
163	S	163	163
164	A	164	164
165	F	165	165
166	A	166	166
167	V	167	167
168	I	168	168
169	T	169	169
170	S	170	170
171	L	171	171
172	H	172	172
173	P	173	173
174	G	174	174
175	H	175	175
176	A	176	176
177	L	177	177
178	F	178	178
179	L	179	179
180	E	180	180
181	G	181	181
182	V	182	182
183	R	183	183
184	A	184	184
185	V	185	185
186	A	186	186
187	D	187	187
188	A	188	188
189	S	189	189
190	Y	190	190
191	L	191	191
192	S	192	192
193	W	193	193
194	R	194	194
195	L	195	195
196	L	196	196
197	D	197	197
198	V	198	198
199	L	199	199
200	T	200	200
201	L	201	201
202	E	202	202
203	L	203	203
204	G	204	204
205	P	205	205
206	G	206	206
207	G	207	207
208	P	208	208
209	R	209	209
210	A	210	210
211	R	211	211
212	T	212	212
213	Q	213	213
214	R	214	214
215	L	215	215
216	L	216	216
217	R	217	217
218	Q	218	218
219	V	219	219
220	D	220	220
221	A	221	221
222	P	222	222
223	V	223	223
224	L	224	224
225	V	225	225
226	A	226	226
227	Y	227	227
228	C	228	228
229	S	229	229
230	R	230	230
231	E	231	231
232	E	232	232
233	A	233	233
234	E	234	234
235	V	235	235
236	L	236	236
237	F	237	237
238	A	238	238
239	E	239	239
240	A	240	240
241	A	241	241
242	Q	242	242
243	A	243	243
244	G	244	244
245	L	245	245
246	V	246	246
247	G	247	247
248	P	248	248
249	G	249	249
250	H	250	250
251	V	251	251
252	W	252	252
253	L	253	253
254	V	254	254
255	P	255	255
256	N	256	256
257	L	257	257
258	A	258	258
259	L	259	259
260	G	260	260
261	S	261	261
262	T	262	262
263	D	263	263
264	A	264	264
265	P	265	265
266	P	266	266
267	A	267	267
268	A	268	268
269	F	269	269
270	P	270	270
271	V	271	271
272	G	272	272
273	L	273	273
274	I	274	274
275	S	275	275
276	V	276	276
277	V	277	277
278	T	278	278
279	E	279	279
280	S	280	280
281	W	281	281
282	R	282	282
283	L	283	283
284	S	284	284
285	L	285	285
286	R	286	286
287	Q	287	287
288	K	288	288
289	V	289	289
290	R	290	290
291	D	291	291
292	G	292	292
293	V	293	293
294	A	294	294
295	I	295	295
296	L	296	296
297	A	297	297
298	L	298	298
299	G	299	299
300	A	300	300
301	H	301	301
302	S	302	302
303	Y	303	303
304	R	304	304
305	R	305	305
306	Q	306	306
307	Y	307	307
308	G	308	308
309	T	309	309
310	L	310	310
311	P	311	311
312	A	312	312
313	P	313	313
314	A	314	314
315	G	315	315
316	D	316	316
317	C	317	317
318	R	318	318
319	S	319	319
320	H	320	320
321	P	321	321
322	G	322	322
323	P	323	323
324	V	324	324
325	S	325	325
326	P	326	326
327	A	327	327
328	R	328	328
329	E	329	329
330	A	330	330
331	F	331	331
332	Y	332	332
333	R	333	333
334	H	334	334
335	L	335	335
336	L	336	336
337	N	337	337
338	V	338	338
339	T	339	339
340	W	340	340
341	E	341	341
342	G	342	342
343	R	343	343
344	D	344	344
345	F	345	345
346	S	346	346
347	F	347	347
348	S	348	348
349	P	349	349
350	G	350	350
351	G	351	351
352	Y	352	352
353	L	353	353
354	V	354	354
355	R	355	355
356	P	356	356
357	T	357	357
358	M	358	358
359	V	359	359
360	V	360	360
361	I	361	361
362	A	362	362
363	L	363	363
364	N	364	364
365	R	365	365
366	H	366	366
367	R	367	367
368	L	368	368
369	W	369	369
370	E	370	370
371	M	371	371
372	V	372	372
373	G	373	373
374	R	374	374
375	W	375	375
376	D	376	376
377	H	377	377
378	G	378	378
379	V	379	379
380	L	380	380
381	Y	381	381
382	M	382	382
383	K	383	383
384	Y	384	384
385	P	385	385
386	V	386	386
387	W	387	387
388	P	388	388
389	R	389	389
390	Y	390	390
391	S	391	391
392	T	392	392
393	S	393	393
394	L	394	394
395	Q	395	395
396	P	396	396
397	V	397	397
398	V	398	398
399	D	399	399
400	S	400	400
401	R	401	401
402	H	402	402
403	L	403	403
404	T	404	404
405	V	405	405
406	A	406	406
407	T	407	407
408	L	408	408
409	E	409	409
410	E	410	410
411	R	411	411
412	P	412	412
413	F	413	413
414	V	414	414
415	I	415	415
416	V	416	416
417	E	417	417
418	S	418	418
419	P	419	419
420	D	420	420
421	P	421	421
422	G	422	422
423	T	423	423
424	G	424	424
425	G	425	425
426	C	426	426
427	V	427	427
428	P	428	428
429	N	429	429
430	T	430	430
431	V	431	431
432	P	432	432
433	C	433	433
434	R	434	434
435	R	435	435
436	Q	436	436
437	S	437	437
438	N	438	438
439	H	439	439
440	T	440	440
441	F	441	441
442	S	442	442
443	S	443	443
444	G	444	444
445	D	445	445
446	L	446	446
447	T	447	447
448	P	448	448
449	Y	449	449
450	T	450	450
451	K	451	451
452	L	452	452
453	C	453	453
454	C	454	454
455	K	455	455
456	G	456	456
457	F	457	457
458	C	458	458
459	I	459	459
460	D	460	460
461	I	461	461
462	L	462	462
463	K	463	463
464	K	464	464
465	L	465	465
466	A	466	466
467	K	467	467
468	V	468	468
469	V	469	469
470	K	470	470
471	F	471	471
472	S	472	472
473	Y	473	473
474	D	474	474
475	L	475	475
476	Y	476	476
477	L	477	477
478	V	478	478
479	T	479	479
480	N	480	480
481	G	481	481
482	K	482	482
483	H	483	483
484	G	484	484
485	K	485	485
486	R	486	486
487	V	487	487
488	R	488	488
489	G	489	489
490	V	490	490
491	W	491	491
492	N	492	492
493	G	493	493
494	M	494	494
495	I	495	495
496	G	496	496
497	E	497	497
498	V	498	498
499	Y	499	499
500	Y	500	500
501	K	501	501
502	R	502	502
503	A	503	503
504	D	504	504
505	M	505	505
506	A	506	506
507	I	507	507
508	G	508	508
509	S	509	509
510	L	510	510
511	T	511	511
512	I	512	512
513	N	513	513
514	E	514	514
515	E	515	515
516	R	516	516
517	S	517	517
518	E	518	518
519	I	519	519
520	I	520	520
521	D	521	521
522	F	522	522
523	S	523	523
524	V	524	524
525	P	525	525
526	F	526	526
527	V	527	527
528	E	528	528
529	T	529	529
530	G	530	530
531	I	531	531
532	S	532	532
533	V	533	533
534	M	534	534
535	V	535	535
536	S	536	536
537	R	537	537
538	S	538	538
658	D	658	658
659	T	659	659
660	V	660	660
661	S	661	661
662	G	662	662
663	L	663	663
664	S	664	664
665	D	665	665
666	K	666	666
667	K	667	667
668	F	668	668
669	Q	669	669
670	R	670	670
671	P	671	671
672	Q	672	672
673	D	673	673
674	Q	674	674
675	Y	675	675
676	P	676	676
677	P	677	677
678	F	678	678
679	R	679	679
680	F	680	680
681	G	681	681
682	T	682	682
683	V	683	683
684	P	684	684
685	N	685	685
686	G	686	686
687	S	687	687
688	T	688	688
689	E	689	689
690	R	690	690
691	N	691	691
692	I	692	692
693	R	693	693
694	S	694	694
695	N	695	695
696	Y	696	696
697	R	697	697
698	D	698	698
699	M	699	699
700	H	700	700
701	T	701	701
702	H	702	702
703	M	703	703
704	V	704	704
705	K	705	705
706	F	706	706
707	N	707	707
708	Q	708	708
709	R	709	709
710	S	710	710
711	V	711	711
712	E	712	712
713	D	713	713
714	A	714	714
715	L	715	715
716	T	716	716
717	S	717	717
718	L	718	718
719	K	719	719
720	M	720	720
721	G	721	721
722	K	722	722
723	L	723	723
724	D	724	724
725	A	725	725
726	F	726	726
727	I	727	727
728	Y	728	728
729	D	729	729
730	A	730	730
731	A	731	731
732	V	732	732
733	L	733	733
734	N	734	734
735	Y	735	735
736	M	736	736
737	A	737	737
738	G	738	738
739	K	739	739
740	D	740	740
741	E	741	741
742	G	742	742
743	C	743	743
744	K	744	744
745	L	745	745
746	V	746	746
747	T	747	747
748	I	748	748
749	G	749	749
750	S	750	750
751	G	751	751
752	K	752	752
753	V	753	753
754	F	754	754
755	A	755	755
756	T	756	756
757	T	757	757
758	G	758	758
759	Y	759	759
760	G	760	760
761	I	761	761
762	A	762	762
763	M	763	763
764	Q	764	764
765	K	765	765
766	D	766	766
767	S	767	767
768	H	768	768
769	W	769	769
770	K	770	770
771	R	771	771
772	A	772	772
773	I	773	773
774	D	774	774
775	L	775	775
776	A	776	776
777	L	777	777
778	L	778	778
779	Q	779	779
780	L	780	780
781	L	781	781
782	G	782	782
783	D	783	783
784	G	784	784
785	E	785	785
786	T	786	786
787	Q	787	787
788	K	788	788
789	L	789	789
790	E	790	790
791	T	791	791
792	V	792	792
793	W	793	793
794	L	794	794
795	S	795	795
796	G	796	796
797	I	797	797
798	C	798	798
799	Q	799	799
