UNIPROT_SEQ_NUM	UNIPROT	PDBResNumAuthor	PDBResNumCIF
34	S	34	65
35	I	35	66
36	G	36	67
37	I	37	68
38	A	38	69
39	V	39	70
40	I	40	71
41	L	41	72
42	V	42	73
43	G	43	74
44	T	44	75
45	S	45	76
46	D	46	77
47	E	47	78
48	V	48	79
49	A	49	80
50	I	50	81
51	K	51	82
52	D	52	83
53	A	53	84
54	H	54	85
55	E	55	86
56	K	56	87
57	D	57	88
58	D	58	89
59	F	59	90
60	H	60	91
61	H	61	92
62	L	62	93
63	S	63	94
64	V	64	95
65	V	65	96
66	P	66	97
67	R	67	98
68	V	68	99
69	E	69	100
70	L	70	101
71	V	71	102
72	A	72	103
73	M	73	104
74	N	74	105
75	E	75	106
76	T	76	107
77	D	77	108
78	P	78	109
79	K	79	110
80	S	80	111
81	I	81	112
82	I	82	113
83	T	83	114
84	R	84	115
85	I	85	116
86	C	86	117
87	D	87	118
88	L	88	119
89	M	89	120
90	S	90	121
91	D	91	122
92	R	92	123
93	K	93	124
94	I	94	125
95	Q	95	126
96	G	96	127
97	V	97	128
98	V	98	129
99	F	99	130
100	A	100	131
101	D	101	132
102	D	102	133
103	T	103	134
104	D	104	135
105	Q	105	136
106	E	106	137
107	A	107	138
108	I	108	139
109	A	109	140
110	Q	110	141
111	I	111	142
112	L	112	143
113	D	113	144
114	F	114	145
115	I	115	146
116	S	116	147
117	A	117	148
118	Q	118	149
119	T	119	150
120	L	120	151
121	T	121	152
122	P	122	153
123	I	123	154
124	L	124	155
125	G	125	156
126	I	126	157
127	H	127	158
128	G	128	159
129	G	129	160
130	S	130	161
131	S	131	162
132	M	132	163
133	I	133	164
134	M	134	165
135	A	135	166
136	D	136	167
137	K	137	168
138	D	138	169
139	E	139	170
140	S	140	171
141	S	141	172
142	M	142	173
143	F	143	174
144	F	144	175
145	Q	145	176
146	F	146	177
147	G	147	178
148	P	148	179
149	S	149	180
150	I	150	181
151	E	151	182
152	Q	152	183
153	Q	153	184
154	A	154	185
155	S	155	186
156	V	156	187
157	M	157	188
158	L	158	189
159	N	159	190
160	I	160	191
161	M	161	192
162	E	162	193
163	E	163	194
164	Y	164	195
165	D	165	196
166	W	166	197
167	Y	167	198
168	I	168	199
169	F	169	200
170	S	170	201
171	I	171	202
172	V	172	203
173	T	173	204
174	T	174	205
175	Y	175	206
176	F	176	207
177	P	177	208
178	G	178	209
179	Y	179	210
180	Q	180	211
181	D	181	212
182	F	182	213
183	V	183	214
184	N	184	215
185	K	185	216
186	I	186	217
187	R	187	218
188	S	188	219
189	T	189	220
190	I	190	221
191	E	191	222
192	N	192	223
193	S	193	224
194	F	194	225
195	V	195	226
196	G	196	227
197	W	197	228
198	E	198	229
199	L	199	230
200	E	200	231
201	E	201	232
202	V	202	233
203	L	203	234
204	L	204	235
205	L	205	236
206	D	206	237
207	M	207	238
208	S	208	239
209	L	209	240
210	D	210	241
211	D	211	242
212	G	212	243
213	D	213	244
214	S	214	245
215	K	215	246
216	I	216	247
217	Q	217	248
218	N	218	249
219	Q	219	250
220	L	220	251
221	K	221	252
222	K	222	253
223	L	223	254
224	Q	224	255
225	S	225	256
226	P	226	257
227	I	227	258
228	I	228	259
229	L	229	260
230	L	230	261
231	Y	231	262
232	C	232	263
233	T	233	264
234	K	234	265
235	E	235	266
236	E	236	267
237	A	237	268
238	T	238	269
239	Y	239	270
240	I	240	271
241	F	241	272
242	E	242	273
243	V	243	274
244	A	244	275
245	N	245	276
246	S	246	277
247	V	247	278
248	G	248	279
249	L	249	280
250	T	250	281
251	G	251	282
252	Y	252	283
253	G	253	284
254	Y	254	285
255	T	255	286
256	W	256	287
257	I	257	288
258	V	258	289
259	P	259	290
260	S	260	291
261	L	261	292
262	V	262	293
263	A	263	294
264	G	264	295
265	D	265	296
266	T	266	297
267	D	267	298
268	T	268	299
269	V	269	300
270	P	270	301
271	S	271	302
272	E	272	303
273	F	273	304
274	P	274	305
275	T	275	306
276	G	276	307
277	L	277	308
278	I	278	309
279	S	279	310
280	V	280	311
281	S	281	312
282	Y	282	313
283	D	283	314
284	E	284	315
285	W	285	316
286	D	286	317
287	Y	287	318
288	G	288	319
289	L	289	320
290	P	290	321
291	A	291	322
292	R	292	323
293	V	293	324
294	R	294	325
295	D	295	326
296	G	296	327
297	I	297	328
298	A	298	329
299	I	299	330
300	I	300	331
301	T	301	332
302	T	302	333
303	A	303	334
304	A	304	335
305	S	305	336
306	D	306	337
307	M	307	338
308	L	308	339
309	S	309	340
310	E	310	341
311	H	311	342
312	S	312	343
313	F	313	344
314	I	314	345
315	P	315	346
316	E	316	347
317	P	317	348
318	K	318	349
319	S	319	350
320	S	320	351
321	C	321	352
322	Y	322	353
323	N	323	354
324	T	324	355
325	H	325	356
326	E	326	357
327	K	327	358
328	R	328	359
329	I	329	360
330	Y	330	361
331	Q	331	362
332	S	332	363
333	N	333	364
334	M	334	365
335	L	335	366
336	N	336	367
337	R	337	368
338	Y	338	369
339	L	339	370
340	I	340	371
341	N	341	372
342	V	342	373
343	T	343	374
344	F	344	375
345	E	345	376
346	G	346	377
347	R	347	378
348	N	348	379
349	L	349	380
350	S	350	381
351	F	351	382
352	S	352	383
353	E	353	384
354	D	354	385
355	G	355	386
356	Y	356	387
357	Q	357	388
358	M	358	389
359	H	359	390
360	P	360	391
361	K	361	392
362	L	362	393
363	V	363	394
364	I	364	395
365	I	365	396
366	L	366	397
367	L	367	398
368	N	368	399
369	K	369	400
370	E	370	401
371	R	371	402
372	K	372	403
373	W	373	404
374	E	374	405
375	R	375	406
376	V	376	407
377	G	377	408
378	K	378	409
379	W	379	410
380	K	380	411
381	D	381	412
382	K	382	413
383	S	383	414
384	L	384	415
385	Q	385	416
386	M	386	417
387	K	387	418
388	Y	388	419
389	Y	389	420
390	V	390	421
391	W	391	422
392	P	392	423
393	R	393	424
394	M	394	425
403	D	403	434
404	D	404	435
405	H	405	436
406	L	406	437
407	S	407	438
408	I	408	439
409	V	409	440
410	T	410	441
411	L	411	442
412	E	412	443
413	E	413	444
414	A	414	445
415	P	415	446
416	F	416	447
417	V	417	448
418	I	418	449
419	V	419	450
420	E	420	451
421	S	421	452
422	V	422	453
423	D	423	454
424	P	424	455
425	L	425	456
426	S	426	457
427	G	427	458
428	T	428	459
429	C	429	460
430	M	430	461
431	R	431	462
432	N	432	463
433	T	433	464
434	V	434	465
435	P	435	466
436	C	436	467
437	Q	437	468
438	K	438	469
439	R	439	470
440	I	440	471
441	I	441	472
442	S	442	473
443	E	443	474
444	N	444	475
445	K	445	476
446	T	446	477
447	D	447	478
448	E	448	479
449	E	449	480
450	P	450	481
451	G	451	482
452	Y	452	483
453	I	453	484
454	K	454	485
455	K	455	486
456	C	456	487
457	C	457	488
458	K	458	489
459	G	459	490
460	F	460	491
461	C	461	492
462	I	462	493
463	D	463	494
464	I	464	495
465	L	465	496
466	K	466	497
467	K	467	498
468	I	468	499
469	S	469	500
470	K	470	501
471	S	471	502
472	V	472	503
473	K	473	504
474	F	474	505
475	T	475	506
476	Y	476	507
477	D	477	508
478	L	478	509
479	Y	479	510
480	L	480	511
481	V	481	512
482	T	482	513
483	N	483	514
484	G	484	515
485	K	485	516
486	H	486	517
487	G	487	518
488	K	488	519
489	K	489	520
490	I	490	521
491	N	491	522
492	G	492	523
493	T	493	524
494	W	494	525
495	N	495	526
496	G	496	527
497	M	497	528
498	I	498	529
499	G	499	530
500	E	500	531
501	V	501	532
502	V	502	533
503	M	503	534
504	K	504	535
505	R	505	536
506	A	506	537
507	Y	507	538
508	M	508	539
509	A	509	540
510	V	510	541
511	G	511	542
512	S	512	543
513	L	513	544
514	T	514	545
515	I	515	546
516	N	516	547
517	E	517	548
518	E	518	549
519	R	519	550
520	S	520	551
521	E	521	552
522	V	522	553
523	V	523	554
524	D	524	555
525	F	525	556
526	S	526	557
527	V	527	558
528	P	528	559
529	F	529	560
530	I	530	561
531	E	531	562
532	T	532	563
533	G	533	564
534	I	534	565
535	S	535	566
536	V	536	567
537	M	537	568
538	V	538	569
539	S	539	570
540	R	540	571
541	S	541	572
542	N	542	573
543	G	543	574
544	T	544	575
545	V	545	576
546	S	546	577
547	P	547	578
548	S	548	579
549	A	549	580
550	F	550	581
551	L	551	582
552	E	552	583
553	P	553	584
554	F	554	585
555	S	555	586
556	A	556	587
557	D	557	588
558	V	558	589
559	W	559	590
560	V	560	591
561	M	561	592
562	M	562	593
563	F	563	594
564	V	564	595
565	M	565	596
566	L	566	597
567	L	567	598
568	I	568	599
569	V	569	600
570	S	570	601
571	A	571	602
572	V	572	603
573	A	573	604
574	V	574	605
575	F	575	606
576	V	576	607
577	F	577	608
578	E	578	609
579	Y	579	610
599	S	599	630
600	F	600	631
601	T	601	632
602	I	602	633
603	G	603	634
604	K	604	635
605	A	605	636
606	I	606	637
607	W	607	638
608	L	608	639
609	L	609	640
610	W	610	641
611	G	611	642
612	L	612	643
613	V	613	644
614	F	614	645
615	N	615	646
616	N	616	647
617	S	617	648
618	V	618	649
619	P	619	650
620	V	620	651
621	Q	621	652
622	N	622	653
623	P	623	654
624	K	624	655
625	G	625	656
626	T	626	657
627	T	627	658
628	S	628	659
629	K	629	660
630	I	630	661
631	M	631	662
632	V	632	663
633	S	633	664
634	V	634	665
635	W	635	666
636	A	636	667
637	F	637	668
638	F	638	669
639	A	639	670
640	V	640	671
641	I	641	672
642	F	642	673
643	L	643	674
644	A	644	675
645	S	645	676
646	Y	646	677
647	T	647	678
648	A	648	679
649	N	649	680
650	L	650	681
651	A	651	682
652	A	652	683
653	F	653	684
654	M	654	685
655	I	655	686
656	Q	656	687
657	E	657	688
658	E	658	689
659	Y	659	690
660	V	660	691
661	D	661	692
662	Q	662	693
663	V	663	694
664	S	664	695
665	G	665	696
666	L	666	697
667	S	667	698
668	D	668	699
669	K	669	700
670	K	670	701
671	F	671	702
672	Q	672	703
673	R	673	704
674	P	674	705
675	N	675	706
676	D	676	707
677	F	677	708
678	S	678	709
679	P	679	710
680	P	680	711
681	F	681	712
682	R	682	713
683	F	683	714
684	G	684	715
685	T	685	716
686	V	686	717
687	P	687	718
688	N	688	719
689	G	689	720
690	S	690	721
691	T	691	722
692	E	692	723
693	R	693	724
694	N	694	725
695	I	695	726
696	R	696	727
697	N	697	728
698	N	698	729
699	Y	699	730
700	A	700	731
701	E	701	732
702	M	702	733
703	H	703	734
704	A	704	735
705	Y	705	736
706	M	706	737
707	G	707	738
708	K	708	739
709	F	709	740
710	N	710	741
711	Q	711	742
712	R	712	743
713	G	713	744
714	V	714	745
715	D	715	746
716	D	716	747
717	A	717	748
718	L	718	749
719	L	719	750
720	S	720	751
721	L	721	752
722	K	722	753
723	T	723	754
724	G	724	755
725	K	725	756
726	L	726	757
727	D	727	758
728	A	728	759
729	F	729	760
730	I	730	761
731	Y	731	762
732	D	732	763
733	A	733	764
734	A	734	765
735	V	735	766
736	L	736	767
737	N	737	768
738	Y	738	769
739	M	739	770
740	A	740	771
741	G	741	772
742	R	742	773
743	D	743	774
744	E	744	775
745	G	745	776
746	C	746	777
747	K	747	778
748	L	748	779
749	V	749	780
750	T	750	781
751	I	751	782
752	G	752	783
753	S	753	784
754	G	754	785
755	K	755	786
756	V	756	787
757	F	757	788
758	A	758	789
759	S	759	790
760	T	760	791
761	G	761	792
762	Y	762	793
763	G	763	794
764	I	764	795
765	A	765	796
766	I	766	797
767	Q	767	798
768	K	768	799
769	D	769	800
770	S	770	801
771	G	771	802
772	W	772	803
773	K	773	804
774	R	774	805
775	Q	775	806
776	V	776	807
777	D	777	808
778	L	778	809
779	A	779	810
780	I	780	811
781	L	781	812
782	Q	782	813
783	L	783	814
784	F	784	815
785	G	785	816
786	D	786	817
787	G	787	818
788	E	788	819
789	M	789	820
790	E	790	821
791	E	791	822
792	L	792	823
793	E	793	824
794	A	794	825
795	L	795	826
796	W	796	827
797	L	797	828
798	T	798	829
799	G	799	830
800	I	800	831
801	C	801	832
802	H	802	833
803	N	803	834
804	E	804	835
805	K	805	836
806	N	806	837
807	E	807	838
808	V	808	839
809	M	809	840
810	S	810	841
811	S	811	842
812	Q	812	843
813	L	813	844
814	D	814	845
815	I	815	846
816	D	816	847
817	N	817	848
818	M	818	849
819	A	819	850
820	G	820	851
821	V	821	852
822	F	822	853
823	Y	823	854
824	M	824	855
825	L	825	856
826	G	826	857
827	A	827	858
828	A	828	859
829	M	829	860
830	A	830	861
831	L	831	862
832	S	832	863
833	L	833	864
834	I	834	865
835	T	835	866
836	F	836	867
837	I	837	868
838	C	838	869
839	E	839	870
840	H	840	871
841	L	841	872
842	F	842	873
843	Y	843	874
844	W	844	875
845	Q	845	876
