UNIPROT_SEQ_NUM	UNIPROT	PDBResNumAuthor	PDBResNumCIF
17	P	17	17
18	V	18	18
19	W	19	19
20	S	20	20
21	E	21	21
22	P	22	22
23	L	23	23
24	Y	24	24
25	S	25	25
26	L	26	26
27	R	27	27
28	P	28	28
29	E	29	29
30	H	30	30
31	A	31	31
32	R	32	32
33	E	33	33
34	R	34	34
35	L	35	35
36	Q	36	36
37	D	37	37
38	D	38	38
39	S	39	39
40	V	40	40
41	E	41	41
42	T	42	42
43	V	43	43
44	T	44	44
45	S	45	45
46	I	46	46
47	E	47	47
48	Q	48	48
49	A	49	49
50	K	50	50
51	V	51	51
52	E	52	52
53	E	53	53
54	K	54	54
55	I	55	55
56	Q	56	56
57	E	57	57
58	V	58	58
59	F	59	59
60	S	60	60
61	S	61	61
62	Y	62	62
63	K	63	63
64	F	64	64
65	N	65	65
66	H	66	66
67	L	67	67
68	V	68	68
69	P	69	69
70	R	70	70
71	L	71	71
72	V	72	72
73	L	73	73
74	Q	74	74
75	R	75	75
76	E	76	76
77	K	77	77
78	H	78	78
79	F	79	79
80	H	80	80
81	Y	81	81
82	L	82	82
83	K	83	83
84	R	84	84
85	G	85	85
86	L	86	86
87	R	87	87
88	Q	88	88
89	L	89	89
90	T	90	90
91	D	91	91
92	A	92	92
93	Y	93	93
94	E	94	94
95	C	95	95
96	L	96	96
97	D	97	97
98	A	98	98
99	S	99	99
100	R	100	100
101	P	101	101
102	W	102	102
103	L	103	103
104	C	104	104
105	Y	105	105
106	W	106	106
107	I	107	107
108	L	108	108
109	H	109	109
110	S	110	110
111	L	111	111
112	E	112	112
113	L	113	113
114	L	114	114
115	D	115	115
116	E	116	116
117	P	117	117
118	I	118	118
119	P	119	119
120	Q	120	120
121	I	121	121
122	V	122	122
123	A	123	123
124	T	124	124
125	D	125	125
126	V	126	126
127	C	127	127
128	Q	128	128
129	F	129	129
130	L	130	130
131	E	131	131
132	L	132	132
133	C	133	133
134	Q	134	134
135	S	135	135
136	P	136	136
137	D	137	137
138	G	138	138
139	G	139	139
140	F	140	140
141	G	141	141
142	G	142	142
143	G	143	143
144	P	144	144
145	G	145	145
146	Q	146	146
147	Y	147	147
148	P	148	148
149	H	149	149
150	L	150	150
151	A	151	151
152	P	152	152
153	T	153	153
154	Y	154	154
155	A	155	155
156	A	156	156
157	V	157	157
158	N	158	158
159	A	159	159
160	L	160	160
161	C	161	161
162	I	162	162
163	I	163	163
164	G	164	164
165	T	165	165
166	E	166	166
167	E	167	167
168	A	168	168
169	Y	169	169
170	N	170	170
171	V	171	171
172	I	172	172
173	N	173	173
174	R	174	174
175	E	175	175
176	K	176	176
177	L	177	177
178	L	178	178
179	Q	179	179
180	Y	180	180
181	L	181	181
182	Y	182	182
183	S	183	183
184	L	184	184
185	K	185	185
186	Q	186	186
187	P	187	187
188	D	188	188
189	G	189	189
190	S	190	190
191	F	191	191
192	L	192	192
193	M	193	193
194	H	194	194
195	V	195	195
196	G	196	196
197	G	197	197
198	E	198	198
199	V	199	199
200	D	200	200
201	V	201	201
202	R	202	202
203	S	203	203
204	A	204	204
205	Y	205	205
206	C	206	206
207	A	207	207
208	A	208	208
209	S	209	209
210	V	210	210
211	A	211	211
212	S	212	212
213	L	213	213
214	T	214	214
215	N	215	215
216	I	216	216
217	I	217	217
218	T	218	218
219	P	219	219
220	D	220	220
221	L	221	221
222	F	222	222
223	E	223	223
224	G	224	224
225	T	225	225
226	A	226	226
227	E	227	227
228	W	228	228
229	I	229	229
230	A	230	230
231	R	231	231
232	C	232	232
233	Q	233	233
234	N	234	234
235	W	235	235
236	E	236	236
237	G	237	237
238	G	238	238
239	I	239	239
240	G	240	240
241	G	241	241
242	V	242	242
243	P	243	243
244	G	244	244
245	M	245	245
246	E	246	246
247	A	247	247
248	H	248	248
249	G	249	249
250	G	250	250
251	Y	251	251
252	T	252	252
253	F	253	253
254	C	254	254
255	G	255	255
256	L	256	256
257	A	257	257
258	A	258	258
259	L	259	259
260	V	260	260
261	I	261	261
262	L	262	262
263	K	263	263
264	K	264	264
265	E	265	265
266	R	266	266
267	S	267	267
268	L	268	268
269	N	269	269
270	L	270	270
271	K	271	271
272	S	272	272
273	L	273	273
274	L	274	274
275	Q	275	275
276	W	276	276
277	V	277	277
278	T	278	278
279	S	279	279
280	R	280	280
281	Q	281	281
282	M	282	282
283	R	283	283
284	F	284	284
285	E	285	285
286	G	286	286
287	G	287	287
288	F	288	288
289	Q	289	289
290	G	290	290
291	R	291	291
292	C	292	292
293	N	293	293
294	K	294	294
295	L	295	295
296	V	296	296
297	D	297	297
298	G	298	298
299	C	299	299
300	Y	300	300
301	S	301	301
302	F	302	302
303	W	303	303
304	Q	304	304
305	A	305	305
306	G	306	306
307	L	307	307
308	L	308	308
309	P	309	309
310	L	310	310
311	L	311	311
312	H	312	312
313	R	313	313
314	A	314	314
315	L	315	315
316	H	316	316
317	A	317	317
318	Q	318	318
319	G	319	319
320	D	320	320
321	P	321	321
322	A	322	322
323	L	323	323
324	S	324	324
325	M	325	325
326	S	326	326
327	H	327	327
328	W	328	328
329	M	329	329
330	F	330	330
331	H	331	331
332	Q	332	332
333	Q	333	333
334	A	334	334
335	L	335	335
336	Q	336	336
337	E	337	337
338	Y	338	338
339	I	339	339
340	L	340	340
341	M	341	341
342	C	342	342
343	C	343	343
344	Q	344	344
345	C	345	345
346	P	346	346
347	A	347	347
348	G	348	348
349	G	349	349
350	L	350	350
351	L	351	351
352	D	352	352
353	K	353	353
354	P	354	354
355	G	355	355
356	K	356	356
357	S	357	357
358	R	358	358
359	D	359	359
360	F	360	360
361	Y	361	361
362	H	362	362
363	T	363	363
364	C	364	364
365	Y	365	365
366	C	366	366
367	L	367	367
368	S	368	368
369	G	369	369
370	L	370	370
371	S	371	371
372	I	372	372
373	A	373	373
374	Q	374	374
375	H	375	375
376	F	376	376
377	G	377	377
378	S	378	378
379	G	379	379
380	A	380	380
381	M	381	381
382	L	382	382
383	H	383	383
384	D	384	384
385	V	385	385
386	V	386	386
387	M	387	387
388	G	388	388
389	V	389	389
390	P	390	390
391	E	391	391
392	N	392	392
393	V	393	393
394	L	394	394
395	Q	395	395
396	P	396	396
397	T	397	397
398	H	398	398
399	P	399	399
400	V	400	400
401	Y	401	401
402	N	402	402
403	I	403	403
404	G	404	404
405	P	405	405
406	D	406	406
407	K	407	407
408	V	408	408
409	I	409	409
410	Q	410	410
411	A	411	411
412	T	412	412
413	T	413	413
414	H	414	414
415	F	415	415
416	L	416	416
417	Q	417	417
418	K	418	418
419	P	419	419
420	V	420	420
421	P	421	421
422	G	422	422
423	F	423	423
