UNIPROT_SEQ_NUM	UNIPROT	PDBResNumAuthor	PDBResNumCIF
353	F	321	4
354	P	322	5
355	L	323	6
356	T	324	7
357	S	325	8
358	M	326	9
359	D	327	10
360	K	328	11
361	A	329	12
362	F	330	13
363	I	331	14
364	T	332	15
365	V	333	16
366	L	334	17
367	E	335	18
368	M	336	19
369	T	337	20
370	P	338	21
371	V	339	22
372	L	340	23
373	G	341	24
374	T	342	25
375	E	343	26
376	I	344	27
377	I	345	28
378	N	346	29
379	Y	347	30
380	R	348	31
381	D	349	32
382	G	350	33
383	M	351	34
384	G	352	35
385	R	353	36
386	V	354	37
387	L	355	38
388	A	356	39
389	Q	357	40
390	D	358	41
391	V	359	42
392	Y	360	43
393	A	361	44
394	K	362	45
395	D	363	46
396	N	364	47
397	L	365	48
398	P	366	49
399	P	367	50
400	F	368	51
401	P	369	52
402	A	370	53
403	S	371	54
404	V	372	55
405	K	373	56
406	D	374	57
407	G	375	58
408	Y	376	59
409	A	377	60
410	V	378	61
411	R	379	62
412	A	380	63
413	A	381	64
414	D	382	65
415	G	383	66
416	P	384	67
417	G	385	68
418	D	386	69
419	R	387	70
420	F	388	71
421	I	389	72
422	I	390	73
423	G	391	74
424	E	392	75
425	S	393	76
426	Q	394	77
427	A	395	78
428	G	396	79
429	E	397	80
430	Q	398	81
431	P	399	82
432	T	400	83
433	Q	401	84
434	T	402	85
435	V	403	86
436	M	404	87
437	P	405	88
438	G	406	89
439	Q	407	90
440	V	408	91
441	M	409	92
442	R	410	93
443	V	411	94
444	T	412	95
445	T	413	96
446	G	414	97
447	A	415	98
448	P	416	99
449	I	417	100
450	P	418	101
451	C	419	102
452	G	420	103
453	A	421	104
454	D	422	105
455	A	423	106
456	V	424	107
457	V	425	108
458	Q	426	109
459	V	427	110
460	E	428	111
461	D	429	112
462	T	430	113
463	E	431	114
464	L	432	115
465	I	433	116
466	R	434	117
467	E	435	118
468	S	436	119
469	D	437	120
470	D	438	121
471	G	439	122
472	T	440	123
473	E	441	124
474	E	442	125
475	L	443	126
476	E	444	127
477	V	445	128
478	R	446	129
479	I	447	130
480	L	448	131
481	V	449	132
482	Q	450	133
483	A	451	134
484	R	452	135
485	P	453	136
486	G	454	137
487	Q	455	138
488	D	456	139
489	I	457	140
490	R	458	141
491	P	459	142
492	I	460	143
493	G	461	144
494	H	462	145
495	D	463	146
496	I	464	147
497	K	465	148
498	R	466	149
499	G	467	150
500	E	468	151
501	C	469	152
502	V	470	153
503	L	471	154
504	A	472	155
505	K	473	156
506	G	474	157
507	T	475	158
508	H	476	159
509	M	477	160
510	G	478	161
511	P	479	162
512	S	480	163
513	E	481	164
514	I	482	165
515	G	483	166
516	L	484	167
517	L	485	168
518	A	486	169
519	T	487	170
520	V	488	171
521	G	489	172
522	V	490	173
523	T	491	174
524	E	492	175
525	V	493	176
526	E	494	177
527	V	495	178
528	N	496	179
529	K	497	180
530	F	498	181
531	P	499	182
532	V	500	183
533	V	501	184
534	A	502	185
535	V	503	186
536	M	504	187
537	S	505	188
538	T	506	189
539	G	507	190
540	N	508	191
541	E	509	192
542	L	510	193
543	L	511	194
544	N	512	195
545	P	513	196
546	E	514	197
547	D	515	198
548	D	516	199
549	L	517	200
550	L	518	201
551	P	519	202
552	G	520	203
553	K	521	204
554	I	522	205
555	R	523	206
556	D	524	207
557	S	525	208
558	N	526	209
559	R	527	210
560	S	528	211
561	T	529	212
562	L	530	213
563	L	531	214
564	A	532	215
565	T	533	216
566	I	534	217
567	Q	535	218
568	E	536	219
569	H	537	220
570	G	538	221
571	Y	539	222
572	P	540	223
573	T	541	224
574	I	542	225
575	N	543	226
576	L	544	227
577	G	545	228
578	I	546	229
579	V	547	230
580	G	548	231
581	D	549	232
582	N	550	233
583	P	551	234
584	D	552	235
585	D	553	236
586	L	554	237
587	L	555	238
588	N	556	239
589	A	557	240
590	L	558	241
591	N	559	242
592	E	560	243
593	G	561	244
594	I	562	245
595	S	563	246
596	R	564	247
597	A	565	248
598	D	566	249
599	V	567	250
600	I	568	251
601	I	569	252
602	T	570	253
603	S	571	254
604	G	572	255
605	G	573	256
612	D	580	263
613	Y	581	264
614	L	582	265
615	K	583	266
616	Q	584	267
617	V	585	268
618	L	586	269
619	D	587	270
620	I	588	271
621	D	589	272
622	L	590	273
623	H	591	274
624	A	592	275
625	Q	593	276
626	I	594	277
627	H	595	278
628	F	596	279
629	G	597	280
630	R	598	281
631	V	599	282
632	F	600	283
633	M	601	284
634	K	602	285
635	P	603	286
636	G	604	287
637	L	605	288
638	P	606	289
639	T	607	290
640	T	608	291
641	F	609	292
642	A	610	293
643	T	611	294
644	L	612	295
645	D	613	296
646	I	614	297
647	D	615	298
648	G	616	299
649	V	617	300
650	R	618	301
651	K	619	302
652	I	620	303
653	I	621	304
654	F	622	305
655	A	623	306
656	L	624	307
657	P	625	308
658	G	626	309
659	N	627	310
660	P	628	311
661	V	629	312
662	S	630	313
663	A	631	314
664	V	632	315
665	V	633	316
666	T	634	317
667	C	635	318
668	N	636	319
669	L	637	320
670	F	638	321
671	V	639	322
672	V	640	323
673	P	641	324
674	A	642	325
675	L	643	326
676	R	644	327
677	K	645	328
678	M	646	329
679	Q	647	330
680	G	648	331
681	I	649	332
682	L	650	333
683	D	651	334
684	P	652	335
685	R	653	336
686	P	654	337
687	T	655	338
688	I	656	339
689	I	657	340
690	K	658	341
691	A	659	342
692	R	660	343
693	L	661	344
694	S	662	345
695	C	663	346
696	D	664	347
697	V	665	348
698	K	666	349
699	L	667	350
700	D	668	351
701	P	669	352
702	R	670	353
703	P	671	354
704	E	672	355
705	Y	673	356
706	H	674	357
707	R	675	358
708	C	676	359
709	I	677	360
710	L	678	361
711	T	679	362
712	W	680	363
713	H	681	364
714	H	682	365
715	Q	683	366
716	E	684	367
717	P	685	368
718	L	686	369
719	P	687	370
720	W	688	371
721	A	689	372
722	Q	690	373
723	S	691	374
724	T	692	375
730	S	698	381
731	R	699	382
732	L	700	383
733	M	701	384
734	S	702	385
735	M	703	386
736	R	704	387
737	S	705	388
738	A	706	389
739	N	707	390
740	G	708	391
741	L	709	392
742	L	710	393
743	M	711	394
744	L	712	395
745	P	713	396
746	P	714	397
747	K	715	398
748	T	716	399
749	E	717	400
750	Q	718	401
751	Y	719	402
752	V	720	403
753	E	721	404
754	L	722	405
755	H	723	406
756	K	724	407
757	G	725	408
758	E	726	409
759	V	727	410
760	V	728	411
761	D	729	412
762	V	730	413
763	M	731	414
764	V	732	415
765	I	733	416
766	G	734	417
768	L	736	419
