UNIPROT_SEQ_NUM	UNIPROT	PDBResNumAuthor	PDBResNumCIF
55	F	55	55
56	L	56	56
57	S	57	57
58	L	58	58
59	D	59	59
60	S	60	60
61	P	61	61
62	T	62	62
63	Y	63	63
64	V	64	64
65	L	65	65
66	Y	66	66
67	R	67	67
68	D	68	68
69	R	69	69
70	A	70	70
71	E	71	71
72	W	72	72
73	A	73	73
74	D	74	74
75	I	75	75
76	D	76	76
77	P	77	77
78	V	78	78
79	P	79	79
80	Q	80	80
81	N	81	81
82	D	82	82
83	G	83	83
84	P	84	84
85	S	85	85
86	P	86	86
87	V	87	87
88	V	88	88
89	Q	89	89
90	I	90	90
91	I	91	91
92	Y	92	92
93	S	93	93
94	E	94	94
95	K	95	95
96	F	96	96
97	R	97	97
98	D	98	98
99	V	99	99
100	Y	100	100
101	D	101	101
102	Y	102	102
103	F	103	103
104	R	104	104
105	A	105	105
106	V	106	106
107	L	107	107
108	Q	108	108
109	R	109	109
110	D	110	110
111	E	111	111
112	R	112	112
113	S	113	113
114	E	114	114
115	R	115	115
116	A	116	116
117	F	117	117
118	K	118	118
119	L	119	119
120	T	120	120
121	R	121	121
122	D	122	122
123	A	123	123
124	I	124	124
125	E	125	125
126	L	126	126
127	N	127	127
128	A	128	128
129	A	129	129
130	N	130	130
131	Y	131	131
132	T	132	132
133	V	133	133
134	W	134	134
135	H	135	135
136	F	136	136
137	R	137	137
138	R	138	138
139	V	139	139
140	L	140	140
141	L	141	141
142	R	142	142
143	S	143	143
144	L	144	144
145	Q	145	145
146	K	146	146
147	D	147	147
148	L	148	148
149	Q	149	149
150	E	150	150
151	E	151	151
152	M	152	152
153	N	153	153
154	Y	154	154
155	I	155	155
156	I	156	156
157	A	157	157
158	I	158	158
159	I	159	159
160	E	160	160
161	E	161	161
162	Q	162	162
163	P	163	163
164	K	164	164
165	N	165	165
166	Y	166	166
167	Q	167	167
168	V	168	168
169	W	169	169
170	H	170	170
171	H	171	171
172	R	172	172
173	R	173	173
174	V	174	174
175	L	175	175
176	V	176	176
177	E	177	177
178	W	178	178
179	L	179	179
180	K	180	180
181	D	181	181
182	P	182	182
183	S	183	183
184	Q	184	184
185	E	185	185
186	L	186	186
187	E	187	187
188	F	188	188
189	I	189	189
190	A	190	190
191	D	191	191
192	I	192	192
193	L	193	193
194	N	194	194
195	Q	195	195
196	D	196	196
197	A	197	197
198	K	198	198
199	N	199	199
200	Y	200	200
201	H	201	201
202	A	202	202
203	W	203	203
204	Q	204	204
205	H	205	205
206	R	206	206
207	Q	207	207
208	W	208	208
209	V	209	209
210	I	210	210
211	Q	211	211
212	E	212	212
213	F	213	213
214	R	214	214
215	L	215	215
216	W	216	216
217	D	217	217
218	N	218	218
219	E	219	219
220	L	220	220
221	Q	221	221
222	Y	222	222
223	V	223	223
224	D	224	224
225	Q	225	225
226	L	226	226
227	L	227	227
228	K	228	228
229	E	229	229
230	D	230	230
231	V	231	231
232	R	232	232
233	N	233	233
234	N	234	234
235	S	235	235
236	V	236	236
237	W	237	237
238	N	238	238
239	Q	239	239
240	R	240	240
241	H	241	241
242	F	242	242
243	V	243	243
244	I	244	244
245	S	245	245
246	N	246	246
247	T	247	247
248	T	248	248
249	G	249	249
250	Y	250	250
251	S	251	251
252	D	252	252
253	R	253	253
254	A	254	254
255	V	255	255
256	L	256	256
257	E	257	257
258	R	258	258
259	E	259	259
260	V	260	260
261	Q	261	261
262	Y	262	262
263	T	263	263
264	L	264	264
265	E	265	265
266	M	266	266
267	I	267	267
268	K	268	268
269	L	269	269
270	V	270	270
271	P	271	271
272	H	272	272
273	N	273	273
274	E	274	274
275	S	275	275
276	A	276	276
277	W	277	277
278	N	278	278
279	Y	279	279
280	L	280	280
281	K	281	281
282	G	282	282
283	I	283	283
284	L	284	284
285	Q	285	285
286	D	286	286
287	R	287	287
288	G	288	288
289	L	289	289
290	S	290	290
291	R	291	291
292	Y	292	292
293	P	293	293
294	N	294	294
295	L	295	295
296	L	296	296
297	N	297	297
298	Q	298	298
299	L	299	299
300	L	300	300
301	D	301	301
302	L	302	302
303	Q	303	303
304	P	304	304
305	S	305	305
306	H	306	306
307	S	307	307
308	S	308	308
309	P	309	309
310	Y	310	310
311	L	311	311
312	I	312	312
313	A	313	313
314	F	314	314
315	L	315	315
316	V	316	316
317	D	317	317
318	I	318	318
319	Y	319	319
320	E	320	320
321	D	321	321
322	M	322	322
323	L	323	323
324	E	324	324
325	N	325	325
326	Q	326	326
327	C	327	327
328	D	328	328
329	N	329	329
330	K	330	330
331	E	331	331
332	D	332	332
333	I	333	333
334	L	334	334
335	N	335	335
336	K	336	336
337	A	337	337
338	L	338	338
339	E	339	339
340	L	340	340
341	C	341	341
342	E	342	342
343	I	343	343
344	L	344	344
345	A	345	345
346	K	346	346
347	E	347	347
348	K	348	348
349	D	349	349
350	T	350	350
351	I	351	351
352	R	352	352
353	K	353	353
354	E	354	354
355	Y	355	355
356	W	356	356
357	R	357	357
358	Y	358	358
359	I	359	359
360	G	360	360
361	R	361	361
362	S	362	362
363	L	363	363
364	Q	364	364
365	S	365	365
366	K	366	366
367	H	367	367
368	S	368	368
