UNIPROT_SEQ_NUM	UNIPROT	PDBResNumAuthor	PDBResNumCIF
501	T	2	13
502	V	3	14
503	I	4	15
504	D	5	16
505	G	6	17
506	P	7	18
507	T	8	19
508	Q	9	20
509	I	10	21
510	L	11	22
511	V	12	23
512	R	13	24
513	D	14	25
514	V	15	26
515	S	16	27
516	D	17	28
517	T	18	29
518	V	19	30
519	A	20	31
520	F	21	32
521	V	22	33
522	E	23	34
523	W	24	35
524	T	25	36
525	P	26	37
526	P	27	38
527	R	28	39
528	A	29	40
529	K	30	41
530	V	31	42
531	D	32	43
532	F	33	44
533	I	34	45
534	L	35	46
535	L	36	47
536	K	37	48
537	Y	38	49
538	G	39	50
539	L	40	51
540	V	41	52
541	G	42	53
542	G	43	54
543	E	44	55
544	G	45	56
545	G	46	57
546	K	47	58
547	T	48	59
548	T	49	60
549	F	50	61
550	R	51	62
551	L	52	63
552	Q	53	64
553	P	54	65
554	P	55	66
555	L	56	67
556	S	57	68
557	Q	58	69
558	Y	59	70
559	S	60	71
560	V	61	72
561	Q	62	73
562	A	63	74
563	L	64	75
564	R	65	76
565	P	66	77
566	G	67	78
567	S	68	79
568	R	69	80
569	Y	70	81
570	E	71	82
571	V	72	83
572	S	73	84
573	I	74	85
574	S	75	86
575	A	76	87
576	V	77	88
577	R	78	89
578	G	79	90
579	T	80	91
580	N	81	92
581	E	82	93
582	S	83	94
583	D	84	95
584	A	85	96
585	S	86	97
586	S	87	98
587	T	88	99
588	Q	89	100
589	F	90	101
590	T	91	102
591	T	92	103
592	E	93	104
593	I	94	105
594	D	95	106
595	A	96	107
596	P	97	108
597	K	98	109
598	N	99	110
599	L	100	111
600	R	101	112
601	V	102	113
602	G	103	114
603	S	104	115
604	R	105	116
605	T	106	117
606	A	107	118
607	T	108	119
608	S	109	120
609	L	110	121
610	D	111	122
611	L	112	123
612	E	113	124
613	W	114	125
614	D	115	126
615	N	116	127
616	S	117	128
617	E	118	129
618	A	119	130
619	E	120	131
620	A	121	132
621	Q	122	133
622	E	123	134
623	Y	124	135
624	K	125	136
625	V	126	137
626	V	127	138
627	Y	128	139
628	S	129	140
629	T	130	141
630	L	131	142
631	A	132	143
632	G	133	144
633	E	134	145
634	Q	135	146
635	Y	136	147
636	H	137	148
637	E	138	149
638	V	139	150
639	L	140	151
640	V	141	152
641	P	142	153
642	K	143	154
643	G	144	155
644	I	145	156
645	G	146	157
646	P	147	158
647	T	148	159
648	T	149	160
649	K	150	161
650	T	151	162
651	T	152	163
652	L	153	164
653	T	154	165
654	D	155	166
655	L	156	167
656	V	157	168
657	P	158	169
658	G	159	170
659	T	160	171
660	E	161	172
661	Y	162	173
662	G	163	174
663	V	164	175
664	G	165	176
665	I	166	177
666	S	167	178
667	A	168	179
668	V	169	180
669	M	170	181
670	N	171	182
671	S	172	183
672	K	173	184
673	Q	174	185
674	S	175	186
675	I	176	187
676	P	177	188
677	A	178	189
678	T	179	190
679	M	180	191
680	N	181	192
681	A	182	193
682	R	183	194
683	T	184	195
684	E	185	196
685	L	186	197
686	D	187	198
687	S	188	199
688	P	189	200
689	R	190	201
690	D	191	202
691	L	192	203
692	M	193	204
693	V	194	205
694	T	195	206
695	A	196	207
696	S	197	208
697	S	198	209
698	E	199	210
699	T	200	211
700	S	201	212
701	I	202	213
702	S	203	214
703	L	204	215
704	I	205	216
705	W	206	217
706	T	207	218
707	K	208	219
708	A	209	220
709	S	210	221
710	G	211	222
711	P	212	223
712	I	213	224
713	D	214	225
714	H	215	226
715	Y	216	227
716	R	217	228
717	I	218	229
718	T	219	230
719	F	220	231
720	T	221	232
721	P	222	233
722	S	223	234
723	S	224	235
724	G	225	236
725	I	226	237
726	S	227	238
727	S	228	239
728	E	229	240
729	V	230	241
730	T	231	242
731	V	232	243
732	P	233	244
733	R	234	245
734	D	235	246
735	R	236	247
736	T	237	248
737	S	238	249
738	Y	239	250
739	T	240	251
740	L	241	252
741	T	242	253
742	D	243	254
743	L	244	255
744	E	245	256
745	P	246	257
746	G	247	258
747	A	248	259
748	E	249	260
749	Y	250	261
750	I	251	262
751	I	252	263
752	S	253	264
753	I	254	265
754	T	255	266
755	A	256	267
756	E	257	268
757	R	258	269
758	G	259	270
759	R	260	271
760	Q	261	272
761	Q	262	273
762	S	263	274
763	L	264	275
764	E	265	276
765	S	266	277
766	T	267	278
767	V	268	279
768	D	269	280
769	A	270	281
770	F	271	282
