UNIPROT_SEQ_NUM	UNIPROT	PDBResNumAuthor	PDBResNumCIF
414	D	414	4
415	E	415	5
416	C	416	6
417	A	417	7
418	L	418	8
419	G	419	9
420	A	420	10
421	N	421	11
422	P	422	12
423	C	423	13
424	E	424	14
425	H	425	15
426	A	426	16
427	G	427	17
428	K	428	18
429	C	429	19
430	L	430	20
431	N	431	21
432	T	432	22
433	L	433	23
434	G	434	24
435	S	435	25
436	F	436	26
437	E	437	27
438	C	438	28
439	Q	439	29
440	C	440	30
441	L	441	31
442	Q	442	32
443	G	443	33
444	Y	444	34
445	T	445	35
446	G	446	36
447	P	447	37
448	R	448	38
449	C	449	39
450	E	450	40
451	I	451	41
452	D	452	42
453	V	453	43
454	N	454	44
455	E	455	45
456	C	456	46
457	I	457	47
458	S	458	48
459	N	459	49
460	P	460	50
461	C	461	51
462	Q	462	52
463	N	463	53
464	D	464	54
465	A	465	55
466	T	466	56
467	C	467	57
468	L	468	58
469	D	469	59
470	Q	470	60
471	I	471	61
472	G	472	62
473	E	473	63
474	F	474	64
475	Q	475	65
476	C	476	66
477	I	477	67
478	C	478	68
479	M	479	69
480	P	480	70
481	G	481	71
482	Y	482	72
483	E	483	73
484	G	484	74
485	V	485	75
486	Y	486	76
487	C	487	77
488	E	488	78
489	I	489	79
490	N	490	80
491	T	491	81
492	D	492	82
493	E	493	83
494	C	494	84
495	A	495	85
496	S	496	86
497	S	497	87
498	P	498	88
499	C	499	89
500	L	500	90
501	H	501	91
502	N	502	92
503	G	503	93
504	R	504	94
505	C	505	95
506	V	506	96
507	D	507	97
508	K	508	98
509	I	509	99
510	N	510	100
511	E	511	101
512	F	512	102
513	L	513	103
514	C	514	104
515	Q	515	105
516	C	516	106
517	P	517	107
518	K	518	108
519	G	519	109
520	F	520	110
521	S	521	111
522	G	522	112
523	H	523	113
524	L	524	114
525	C	525	115
526	Q	526	116
