UNIPROT_SEQ_NUM	UNIPROT	PDBResNumAuthor	PDBResNumCIF
298	E	298	6
299	C	299	7
300	Q	300	8
301	L	301	9
302	M	302	10
303	P	303	11
304	N	304	12
305	A	305	13
306	C	306	14
307	Q	307	15
308	N	308	16
309	G	309	17
310	G	310	18
311	T	311	19
312	C	312	20
313	H	313	21
314	N	314	22
315	S	315	23
316	H	316	24
317	G	317	25
318	G	318	26
319	Y	319	27
320	N	320	28
321	C	321	29
322	V	322	30
323	C	323	31
324	V	324	32
325	N	325	33
326	G	326	34
327	W	327	35
328	T	328	36
329	G	329	37
330	E	330	38
331	D	331	39
332	C	332	40
333	S	333	41
334	E	334	42
335	N	335	43
336	I	336	44
337	D	337	45
338	D	338	46
339	C	339	47
340	A	340	48
341	S	341	49
342	A	342	50
343	A	343	51
344	C	344	52
345	F	345	53
346	Q	346	54
347	G	347	55
348	A	348	56
349	T	349	57
350	C	350	58
351	H	351	59
352	D	352	60
353	R	353	61
354	V	354	62
355	A	355	63
356	S	356	64
357	F	357	65
358	Y	358	66
359	C	359	67
360	E	360	68
361	C	361	69
362	P	362	70
363	H	363	71
364	G	364	72
365	R	365	73
366	T	366	74
367	G	367	75
368	L	368	76
369	L	369	77
370	C	370	78
371	H	371	79
372	L	372	80
373	N	373	81
374	D	374	82
375	A	375	83
376	C	376	84
377	I	377	85
378	S	378	86
379	N	379	87
380	P	380	88
381	C	381	89
382	N	382	90
383	E	383	91
384	G	384	92
385	S	385	93
386	N	386	94
387	C	387	95
388	D	388	96
389	T	389	97
390	N	390	98
391	P	391	99
392	V	392	100
393	N	393	101
394	G	394	102
395	K	395	103
396	A	396	104
397	I	397	105
398	C	398	106
399	T	399	107
400	C	400	108
401	P	401	109
402	S	402	110
403	G	403	111
404	Y	404	112
405	T	405	113
406	G	406	114
407	P	407	115
408	A	408	116
409	C	409	117
410	S	410	118
411	Q	411	119
412	D	412	120
413	V	413	121
414	D	414	122
415	E	415	123
416	C	416	124
417	A	417	125
418	L	418	126
419	G	419	127
420	A	420	128
421	N	421	129
422	P	422	130
423	C	423	131
424	E	424	132
425	H	425	133
426	A	426	134
427	G	427	135
428	K	428	136
429	C	429	137
430	L	430	138
431	N	431	139
432	T	432	140
433	L	433	141
434	G	434	142
435	S	435	143
436	F	436	144
437	E	437	145
438	C	438	146
439	Q	439	147
440	C	440	148
441	L	441	149
442	Q	442	150
443	G	443	151
444	Y	444	152
445	T	445	153
446	G	446	154
447	P	447	155
448	R	448	156
449	C	449	157
450	E	450	158
451	I	451	159
452	D	452	160
453	V	453	161
454	N	454	162
455	E	455	163
456	C	456	164
457	I	457	165
458	S	458	166
459	N	459	167
460	P	460	168
461	C	461	169
462	Q	462	170
463	N	463	171
464	D	464	172
465	A	465	173
466	T	466	174
467	C	467	175
468	L	468	176
469	D	469	177
470	Q	470	178
471	I	471	179
472	G	472	180
473	E	473	181
474	F	474	182
475	Q	475	183
476	C	476	184
477	I	477	185
478	C	478	186
479	M	479	187
480	P	480	188
481	G	481	189
482	Y	482	190
483	E	483	191
484	G	484	192
485	V	485	193
486	Y	486	194
487	C	487	195
488	E	488	196
