UNIPROT_SEQ_NUM	UNIPROT	PDBResNumAuthor	PDBResNumCIF
24	A	24	24
25	I	25	25
26	K	26	26
27	Y	27	27
28	L	28	28
29	N	29	29
30	Q	30	30
31	D	31	31
32	Y	32	32
33	E	33	33
34	T	34	34
35	L	35	35
36	R	36	36
37	N	37	37
38	E	38	38
39	C	39	39
40	L	40	40
41	E	41	41
42	A	42	42
43	G	43	43
44	A	44	44
45	L	45	45
46	F	46	46
47	Q	47	47
48	D	48	48
49	P	49	49
50	S	50	50
51	F	51	51
52	P	52	52
53	A	53	53
54	L	54	54
55	P	55	55
56	S	56	56
57	S	57	57
58	L	58	58
59	G	59	59
60	F	60	60
61	K	61	61
62	E	62	62
63	L	63	63
64	G	64	64
65	P	65	65
66	Y	66	66
67	S	67	67
68	S	68	68
69	K	69	69
70	T	70	70
71	R	71	71
72	G	72	72
73	I	73	73
74	E	74	74
75	W	75	75
76	K	76	76
77	R	77	77
78	P	78	78
79	T	79	79
80	E	80	80
81	I	81	81
82	C	82	82
83	A	83	83
84	D	84	84
85	P	85	85
86	Q	86	86
87	F	87	87
88	I	88	88
89	I	89	89
90	G	90	90
91	G	91	91
92	A	92	92
93	T	93	93
94	R	94	94
95	T	95	95
96	D	96	96
97	I	97	97
98	C	98	98
99	Q	99	99
100	G	100	100
101	A	101	101
102	L	102	102
103	G	103	103
104	D	104	104
105	C	105	105
106	W	106	106
107	L	107	107
108	L	108	108
109	A	109	109
110	A	110	110
111	I	111	111
112	A	112	112
113	S	113	113
114	L	114	114
115	T	115	115
116	L	116	116
117	N	117	117
118	E	118	118
119	E	119	119
120	I	120	120
121	L	121	121
122	A	122	122
123	R	123	123
124	V	124	124
125	V	125	125
126	P	126	126
127	L	127	127
128	D	128	128
129	Q	129	129
130	S	130	130
131	F	131	131
132	Q	132	132
133	E	133	133
134	N	134	134
135	Y	135	135
136	A	136	136
137	G	137	137
138	I	138	138
139	F	139	139
140	H	140	140
141	F	141	141
142	Q	142	142
143	F	143	143
144	W	144	144
145	Q	145	145
146	Y	146	146
147	G	147	147
148	E	148	148
149	W	149	149
150	V	150	150
151	E	151	151
152	V	152	152
153	V	153	153
154	V	154	154
155	D	155	155
156	D	156	156
157	R	157	157
158	L	158	158
159	P	159	159
160	T	160	160
161	K	161	161
162	D	162	162
163	G	163	163
164	E	164	164
165	L	165	165
166	L	166	166
167	F	167	167
168	V	168	168
169	H	169	169
170	S	170	170
171	A	171	171
172	E	172	172
173	G	173	173
174	S	174	174
175	E	175	175
176	F	176	176
177	W	177	177
178	S	178	178
179	A	179	179
180	L	180	180
181	L	181	181
182	E	182	182
183	K	183	183
184	A	184	184
185	Y	185	185
186	A	186	186
187	K	187	187
188	I	188	188
189	N	189	189
190	G	190	190
191	C	191	191
192	Y	192	192
193	E	193	193
194	A	194	194
195	L	195	195
196	S	196	196
197	G	197	197
198	G	198	198
199	A	199	199
200	T	200	200
201	T	201	201
202	E	202	202
203	G	203	203
204	F	204	204
205	E	205	205
206	D	206	206
207	F	207	207
208	T	208	208
209	G	209	209
210	G	210	210
211	I	211	211
212	A	212	212
213	E	213	213
214	W	214	214
215	Y	215	215
216	E	216	216
217	L	217	217
218	R	218	218
219	K	219	219
220	P	220	220
221	P	221	221
222	P	222	222
223	N	223	223
224	L	224	224
225	F	225	225
226	K	226	226
227	I	227	227
228	I	228	228
229	Q	229	229
230	K	230	230
231	A	231	231
232	L	232	232
233	E	233	233
234	K	234	234
235	G	235	235
236	S	236	236
237	L	237	237
238	L	238	238
239	G	239	239
240	C	240	240
241	S	241	241
242	I	242	242
243	D	243	243
244	I	244	244
245	T	245	245
246	S	246	246
247	A	247	247
250	S	250	250
251	E	251	251
252	A	252	252
253	V	253	253
254	T	254	254
255	Y	255	255
256	Q	256	256
257	K	257	257
258	L	258	258
259	V	259	259
260	K	260	260
261	G	261	261
262	H	262	262
263	A	263	263
264	Y	264	264
265	S	265	265
266	V	266	266
267	T	267	267
268	G	268	268
269	A	269	269
270	E	270	270
271	E	271	271
272	V	272	272
273	E	273	273
274	S	274	274
275	S	275	275
276	G	276	276
277	S	277	277
278	L	278	278
279	Q	279	279
280	K	280	280
281	L	281	281
282	I	282	282
283	R	283	283
284	I	284	284
285	R	285	285
286	N	286	286
287	P	287	287
288	W	288	288
289	G	289	289
290	Q	290	290
291	V	291	291
292	E	292	292
293	W	293	293
294	T	294	294
295	G	295	295
296	K	296	296
297	W	297	297
298	N	298	298
299	D	299	299
300	N	300	300
301	C	301	301
302	P	302	302
303	S	303	303
304	W	304	304
305	N	305	305
306	T	306	306
307	V	307	307
308	D	308	308
309	P	309	309
310	E	310	310
311	V	311	311
312	R	312	312
313	A	313	313
314	N	314	314
315	L	315	315
316	T	316	316
317	E	317	317
318	R	318	318
319	Q	319	319
320	E	320	320
321	D	321	321
322	G	322	322
323	E	323	323
324	F	324	324
325	W	325	325
326	M	326	326
327	S	327	327
328	F	328	328
329	S	329	329
330	D	330	330
331	F	331	331
332	L	332	332
333	R	333	333
334	H	334	334
335	Y	335	335
336	S	336	336
337	R	337	337
338	L	338	338
339	E	339	339
340	I	340	340
341	C	341	341
342	N	342	342
343	L	343	343
344	T	344	344
345	P	345	345
346	D	346	346
347	T	347	347
348	L	348	348
349	T	349	349
350	C	350	350
351	D	351	351
352	S	352	352
353	Y	353	353
354	K	354	354
355	K	355	355
356	W	356	356
357	K	357	357
358	L	358	358
359	T	359	359
360	K	360	360
361	M	361	361
362	D	362	362
363	G	363	363
364	N	364	364
365	W	365	365
366	R	366	366
367	R	367	367
368	G	368	368
369	S	369	369
370	T	370	370
371	A	371	371
372	G	372	372
373	G	373	373
374	C	374	374
375	R	375	375
376	N	376	376
377	Y	377	377
378	P	378	378
379	N	379	379
380	T	380	380
381	F	381	381
382	W	382	382
383	M	383	383
384	N	384	384
385	P	385	385
386	Q	386	386
387	Y	387	387
388	L	388	388
389	I	389	389
390	K	390	390
391	L	391	391
392	E	392	392
393	E	393	393
394	E	394	394
395	D	395	395
396	E	396	396
397	D	397	397
398	D	398	398
399	E	399	399
400	D	400	400
401	G	401	401
402	E	402	402
403	R	403	403
404	G	404	404
405	C	405	405
406	T	406	406
407	F	407	407
408	L	408	408
409	V	409	409
410	G	410	410
411	L	411	411
412	I	412	412
413	Q	413	413
414	K	414	414
415	H	415	415
416	R	416	416
417	R	417	417
418	R	418	418
419	Q	419	419
420	R	420	420
421	K	421	421
422	M	422	422
423	G	423	423
424	E	424	424
425	D	425	425
426	M	426	426
427	H	427	427
428	T	428	428
429	I	429	429
430	G	430	430
431	F	431	431
432	G	432	432
433	I	433	433
434	Y	434	434
435	E	435	435
436	V	436	436
437	P	437	437
438	E	438	438
439	E	439	439
440	L	440	440
441	T	441	441
442	G	442	442
443	Q	443	443
444	T	444	444
445	N	445	445
446	I	446	446
447	H	447	447
448	L	448	448
449	S	449	449
450	K	450	450
451	N	451	451
452	F	452	452
453	F	453	453
454	L	454	454
455	T	455	455
456	T	456	456
457	R	457	457
458	A	458	458
459	R	459	459
460	E	460	460
461	R	461	461
462	S	462	462
463	D	463	463
464	T	464	464
465	F	465	465
466	I	466	466
467	N	467	467
468	L	468	468
469	R	469	469
470	E	470	470
471	V	471	471
472	L	472	472
473	N	473	473
474	R	474	474
475	F	475	475
476	K	476	476
477	L	477	477
478	P	478	478
479	P	479	479
480	G	480	480
481	E	481	481
482	Y	482	482
483	V	483	483
484	L	484	484
485	V	485	485
486	P	486	486
487	S	487	487
488	T	488	488
489	F	489	489
490	E	490	490
491	P	491	491
492	H	492	492
493	K	493	493
494	N	494	494
495	G	495	495
496	D	496	496
497	F	497	497
498	C	498	498
499	I	499	499
500	R	500	500
501	V	501	501
502	F	502	502
503	S	503	503
504	E	504	504
505	K	505	505
506	K	506	506
507	A	507	507
508	D	508	508
509	Y	509	509
510	Q	510	510
511	T	511	511
512	V	512	512
513	D	513	513
514	D	514	514
515	E	515	515
516	I	516	516
517	E	517	517
518	A	518	518
519	N	519	519
520	I	520	520
521	E	521	521
522	E	522	522
523	I	523	523
524	E	524	524
525	A	525	525
526	N	526	526
527	E	527	527
528	E	528	528
529	D	529	529
530	I	530	530
531	G	531	531
532	D	532	532
533	G	533	533
534	F	534	534
535	R	535	535
536	R	536	536
537	L	537	537
538	F	538	538
539	A	539	539
540	Q	540	540
541	L	541	541
542	A	542	542
543	G	543	543
544	E	544	544
545	D	545	545
546	A	546	546
547	E	547	547
548	I	548	548
549	S	549	549
550	A	550	550
551	F	551	551
552	E	552	552
553	L	553	553
554	Q	554	554
555	T	555	555
556	I	556	556
557	L	557	557
558	R	558	558
559	R	559	559
560	V	560	560
561	L	561	561
562	A	562	562
563	K	563	563
564	R	564	564
565	E	565	565
566	D	566	566
567	I	567	567
568	K	568	568
569	S	569	569
570	D	570	570
571	G	571	571
572	F	572	572
573	S	573	573
574	I	574	574
575	E	575	575
576	T	576	576
577	C	577	577
578	K	578	578
579	I	579	579
580	M	580	580
581	V	581	581
582	D	582	582
583	M	583	583
584	L	584	584
585	D	585	585
586	E	586	586
587	D	587	587
588	G	588	588
589	S	589	589
590	G	590	590
591	K	591	591
592	L	592	592
593	G	593	593
594	L	594	594
595	K	595	595
596	E	596	596
597	F	597	597
598	Y	598	598
599	I	599	599
600	L	600	600
601	W	601	601
602	T	602	602
603	K	603	603
604	I	604	604
605	Q	605	605
606	K	606	606
607	Y	607	607
608	Q	608	608
609	K	609	609
610	I	610	610
611	Y	611	611
612	R	612	612
613	E	613	613
614	I	614	614
615	D	615	615
616	V	616	616
617	D	617	617
618	R	618	618
619	S	619	619
620	G	620	620
621	T	621	621
622	M	622	622
623	N	623	623
624	S	624	624
625	Y	625	625
626	E	626	626
627	M	627	627
628	R	628	628
629	K	629	629
630	A	630	630
631	L	631	631
632	E	632	632
633	E	633	633
634	A	634	634
635	G	635	635
636	F	636	636
637	K	637	637
638	L	638	638
639	P	639	639
640	C	640	640
641	Q	641	641
642	L	642	642
643	H	643	643
644	Q	644	644
645	V	645	645
646	I	646	646
647	V	647	647
648	A	648	648
649	R	649	649
650	F	650	650
651	A	651	651
652	D	652	652
653	D	653	653
654	E	654	654
655	L	655	655
656	I	656	656
657	I	657	657
658	D	658	658
659	F	659	659
660	D	660	660
661	N	661	661
662	F	662	662
663	V	663	663
664	R	664	664
665	C	665	665
666	L	666	666
667	V	667	667
668	R	668	668
669	L	669	669
670	E	670	670
671	I	671	671
672	L	672	672
673	F	673	673
674	K	674	674
675	I	675	675
676	F	676	676
677	K	677	677
678	Q	678	678
679	L	679	679
680	D	680	680
681	P	681	681
682	E	682	682
683	N	683	683
684	T	684	684
685	G	685	685
686	T	686	686
687	I	687	687
688	Q	688	688
689	L	689	689
690	D	690	690
691	L	691	691
692	I	692	692
693	S	693	693
694	W	694	694
695	L	695	695
696	S	696	696
697	F	697	697
698	S	698	698
699	V	699	699
700	L	700	700
