UNIPROT_SEQ_NUM	UNIPROT	PDBResNumAuthor	PDBResNumCIF
1	M	1	-
2	H	2	2
3	G	3	3
4	R	4	4
5	L	5	5
6	K	6	6
7	V	7	7
8	K	8	8
9	T	9	9
10	S	10	10
11	E	11	11
12	E	12	12
13	Q	13	13
14	A	14	14
15	E	15	15
16	A	16	16
17	K	17	17
18	R	18	18
19	L	19	19
20	E	20	20
21	R	21	21
22	E	22	22
23	Q	23	23
24	K	24	24
25	L	25	25
26	K	26	26
27	L	27	27
28	Y	28	28
29	Q	29	29
30	S	30	30
31	A	31	31
32	T	32	32
33	Q	33	33
34	A	34	34
35	V	35	35
36	F	36	36
37	Q	37	37
38	K	38	38
39	R	39	39
40	Q	40	40
41	A	41	41
42	G	42	42
43	E	43	43
44	L	44	44
45	D	45	45
46	E	46	46
47	S	47	47
48	V	48	48
49	L	49	49
50	E	50	50
51	L	51	51
52	T	52	52
53	S	53	53
54	Q	54	54
55	I	55	55
56	L	56	56
57	G	57	57
58	A	58	58
59	N	59	59
60	P	60	60
61	D	61	61
62	F	62	62
63	A	63	63
64	T	64	64
65	L	65	65
66	W	66	66
67	N	67	67
68	C	68	68
69	R	69	69
70	R	70	70
71	E	71	71
72	V	72	72
73	L	73	73
74	Q	74	74
75	H	75	75
76	L	76	76
77	E	77	77
78	T	78	78
79	E	79	79
80	K	80	80
81	S	81	81
82	P	82	82
83	E	83	83
84	E	84	84
85	S	85	85
86	A	86	86
87	A	87	87
88	L	88	88
89	V	89	89
90	K	90	90
91	A	91	91
92	E	92	92
93	L	93	93
94	G	94	94
95	F	95	95
96	L	96	96
97	E	97	97
98	S	98	98
99	C	99	99
100	L	100	100
101	R	101	101
102	V	102	102
103	N	103	103
104	P	104	104
105	K	105	105
106	S	106	106
107	Y	107	107
108	G	108	108
109	T	109	109
110	W	110	110
111	H	111	111
112	H	112	112
113	R	113	113
114	C	114	114
115	W	115	115
116	L	116	116
117	L	117	117
118	S	118	118
119	R	119	119
120	L	120	120
121	P	121	121
122	E	122	122
123	P	123	123
124	N	124	124
125	W	125	125
126	A	126	126
127	R	127	127
128	E	128	128
129	L	129	129
130	E	130	130
131	L	131	131
132	C	132	132
133	A	133	133
134	R	134	134
135	F	135	135
136	L	136	136
137	E	137	137
138	A	138	138
139	D	139	139
140	E	140	140
141	R	141	141
142	N	142	142
143	F	143	143
144	H	144	144
145	C	145	145
146	W	146	146
147	D	147	147
148	Y	148	148
149	R	149	149
150	R	150	150
151	F	151	151
152	V	152	152
153	A	153	153
154	A	154	154
155	Q	155	155
156	A	156	156
157	A	157	157
158	V	158	158
159	A	159	159
160	P	160	160
161	A	161	161
162	E	162	162
163	E	163	163
164	L	164	164
165	A	165	165
166	F	166	166
167	T	167	167
168	D	168	168
169	S	169	169
170	L	170	170
171	I	171	171
172	T	172	172
173	R	173	173
174	N	174	174
175	F	175	175
176	S	176	176
177	N	177	177
178	Y	178	178
179	S	179	179
180	S	180	180
181	W	181	181
182	H	182	182
183	Y	183	183
184	R	184	184
185	S	185	185
186	C	186	186
187	L	187	187
188	L	188	188
189	P	189	189
190	Q	190	190
191	L	191	191
192	H	192	192
193	P	193	193
194	Q	194	194
195	P	195	195
196	D	196	196
197	S	197	197
198	G	198	198
199	P	199	199
200	Q	200	200
201	G	201	201
202	R	202	202
203	L	203	203
204	P	204	204
205	E	205	205
206	N	206	206
207	V	207	207
208	L	208	208
209	L	209	209
210	K	210	210
211	E	211	211
212	L	212	212
213	E	213	213
214	L	214	214
215	V	215	215
216	Q	216	216
217	N	217	217
218	A	218	218
219	F	219	219
220	F	220	220
221	T	221	221
222	D	222	222
223	P	223	223
224	N	224	224
225	D	225	225
226	Q	226	226
227	S	227	227
228	A	228	228
229	W	229	229
230	F	230	230
231	Y	231	231
232	H	232	232
233	R	233	233
234	W	234	234
235	L	235	235
236	L	236	236
237	G	237	237
238	R	238	238
239	A	239	239
240	E	240	240
241	P	241	241
242	H	242	242
243	D	243	243
244	V	244	244
245	L	245	245
246	C	246	246
247	C	247	247
248	V	248	248
249	H	249	249
250	V	250	250
251	S	251	251
252	R	252	252
253	E	253	253
254	E	254	254
255	A	255	255
256	C	256	256
257	L	257	257
258	S	258	258
259	V	259	259
260	C	260	260
261	F	261	261
262	S	262	262
263	R	263	263
264	P	264	264
265	L	265	265
266	T	266	266
267	V	267	267
268	G	268	268
269	S	269	269
270	R	270	270
271	M	271	271
272	G	272	272
273	T	273	273
274	L	274	274
275	L	275	275
276	L	276	276
277	M	277	277
278	V	278	278
279	D	279	279
280	E	280	280
281	A	281	281
282	P	282	282
283	L	283	283
284	S	284	284
285	V	285	285
286	E	286	286
287	W	287	287
288	R	288	288
289	T	289	289
290	P	290	290
291	D	291	291
292	G	292	292
293	R	293	293
294	N	294	294
295	R	295	295
296	P	296	296
297	S	297	297
298	H	298	298
299	V	299	299
300	W	300	300
301	L	301	301
302	C	302	302
303	D	303	303
304	L	304	304
305	P	305	305
306	A	306	306
307	A	307	307
308	S	308	308
309	L	309	309
310	N	310	310
311	D	311	311
312	Q	312	312
313	L	313	313
314	P	314	314
315	Q	315	315
316	H	316	316
317	T	317	317
318	F	318	318
319	R	319	319
320	V	320	320
321	I	321	321
322	W	322	322
323	T	323	323
324	G	324	324
325	S	325	325
326	D	326	326
327	S	327	327
328	Q	328	328
329	K	329	329
330	E	330	330
331	C	331	331
332	V	332	332
333	L	333	333
334	L	334	334
335	K	335	335
336	D	336	336
337	R	337	337
338	P	338	338
339	E	339	339
340	C	340	340
341	W	341	341
342	C	342	342
343	R	343	343
344	D	344	344
345	S	345	345
346	A	346	346
347	T	347	347
348	D	348	348
349	E	349	349
350	Q	350	350
351	L	351	351
352	F	352	352
353	R	353	353
354	C	354	354
355	E	355	355
356	L	356	356
357	S	357	357
358	V	358	358
359	E	359	359
360	K	360	360
361	S	361	361
362	T	362	362
363	V	363	363
364	L	364	364
365	Q	365	365
366	S	366	366
367	E	367	367
368	L	368	368
369	E	369	369
370	S	370	370
371	C	371	371
372	K	372	372
373	E	373	373
374	L	374	374
375	Q	375	375
376	E	376	376
377	L	377	377
378	E	378	378
379	P	379	379
380	E	380	380
381	N	381	381
382	K	382	382
383	W	383	383
384	C	384	384
385	L	385	385
386	L	386	386
387	T	387	387
388	I	388	388
389	I	389	389
390	L	390	390
391	L	391	391
392	M	392	392
393	R	393	393
394	A	394	394
395	L	395	395
396	D	396	396
397	P	397	397
398	L	398	398
399	L	399	399
400	Y	400	400
401	E	401	401
402	K	402	402
403	E	403	403
404	T	404	404
405	L	405	405
406	Q	406	406
407	Y	407	407
408	F	408	408
409	S	409	409
410	T	410	410
411	L	411	411
412	K	412	412
413	A	413	413
414	V	414	414
415	D	415	415
416	P	416	416
417	M	417	417
418	R	418	418
419	A	419	419
420	A	420	420
421	Y	421	421
422	L	422	422
423	D	423	423
424	D	424	424
425	L	425	425
426	R	426	426
427	S	427	427
428	K	428	428
429	F	429	429
430	L	430	430
431	L	431	431
432	E	432	432
433	N	433	433
434	S	434	434
435	V	435	435
436	L	436	436
437	K	437	437
438	M	438	438
439	E	439	439
440	Y	440	440
441	A	441	441
442	D	442	442
443	V	443	443
444	R	444	444
445	V	445	445
446	L	446	446
447	H	447	447
448	L	448	448
449	A	449	449
450	H	450	450
451	K	451	451
452	D	452	452
453	L	453	453
454	T	454	454
455	V	455	455
456	L	456	456
457	C	457	457
458	H	458	458
459	L	459	459
460	E	460	460
461	Q	461	461
462	L	462	462
463	L	463	463
464	L	464	464
465	V	465	465
466	T	466	466
467	H	467	467
468	L	468	468
469	D	469	469
470	L	470	470
471	S	471	471
472	H	472	472
473	N	473	473
474	R	474	474
475	L	475	475
476	R	476	476
477	A	477	477
478	L	478	478
479	P	479	479
480	P	480	480
481	A	481	481
482	L	482	482
483	A	483	483
484	A	484	484
485	L	485	485
486	R	486	486
487	C	487	487
488	L	488	488
489	E	489	489
490	V	490	490
491	L	491	491
492	Q	492	492
493	A	493	493
494	S	494	494
495	D	495	495
496	N	496	496
497	A	497	497
498	L	498	498
499	E	499	499
500	N	500	500
501	V	501	501
502	D	502	502
503	G	503	503
504	V	504	504
505	A	505	505
506	N	506	506
507	L	507	507
508	P	508	508
509	R	509	509
510	L	510	510
511	Q	511	511
512	E	512	512
513	L	513	513
514	L	514	514
515	L	515	515
516	C	516	516
517	N	517	517
518	N	518	518
519	R	519	519
520	L	520	520
521	Q	521	521
522	Q	522	522
523	S	523	523
524	A	524	524
525	A	525	525
526	I	526	526
527	Q	527	527
528	P	528	528
529	L	529	529
530	V	530	530
531	S	531	531
532	C	532	532
533	P	533	533
534	R	534	534
535	L	535	535
536	V	536	536
537	L	537	537
538	L	538	538
539	N	539	539
540	L	540	540
541	Q	541	541
542	G	542	542
543	N	543	543
544	S	544	544
545	L	545	545
546	C	546	546
547	Q	547	547
548	E	548	548
549	E	549	549
550	G	550	550
551	I	551	551
552	Q	552	552
553	E	553	553
554	R	554	554
555	L	555	555
556	A	556	556
557	E	557	557
558	M	558	558
559	L	559	559
560	P	560	560
561	S	561	561
562	V	562	562
563	S	563	563
564	S	564	564
565	I	565	565
566	L	566	566
567	T	567	567
