UNIPROT_SEQ_NUM	UNIPROT	PDBResNumAuthor	PDBResNumCIF
77	Y	77	4
78	A	78	5
79	A	79	6
80	C	80	7
81	P	81	8
82	R	82	9
83	N	83	10
84	W	84	11
85	I	85	12
86	G	86	13
87	V	87	14
88	G	88	15
89	N	89	16
90	K	90	17
91	C	91	18
92	F	92	19
93	Y	93	20
94	F	94	21
95	S	95	22
96	E	96	23
97	Y	97	24
98	A	98	25
99	S	99	26
100	N	100	27
101	W	101	28
102	T	102	29
103	F	103	30
104	S	104	31
105	Q	105	32
106	T	106	33
107	F	107	34
108	C	108	35
109	K	109	36
110	A	110	37
111	Q	111	38
112	E	112	39
113	A	113	40
114	E	114	41
115	L	115	42
116	A	116	43
117	R	117	44
118	F	118	45
119	D	119	46
120	T	120	47
121	E	121	48
122	E	122	49
123	E	123	50
124	L	124	51
125	N	125	52
126	F	126	53
127	L	127	54
128	S	128	55
129	R	129	56
130	Y	130	57
131	K	131	58
132	G	132	59
133	S	133	60
134	F	134	61
135	D	135	62
136	Y	136	63
137	W	137	64
138	I	138	65
139	G	139	66
140	L	140	67
141	H	141	68
142	R	142	69
143	E	143	70
144	S	144	71
145	S	145	72
146	E	146	73
147	H	147	74
148	P	148	75
149	W	149	76
150	K	150	77
151	W	151	78
152	T	152	79
153	D	153	80
154	N	154	81
155	T	155	82
156	Q	156	83
157	Y	157	84
158	N	158	85
159	Y	159	86
160	S	160	87
161	L	161	88
162	S	162	89
163	I	163	90
164	R	164	91
165	G	165	92
166	V	166	93
167	E	167	94
168	R	168	95
169	Y	169	96
170	A	170	97
171	Y	171	98
172	L	172	99
173	N	173	100
174	D	174	101
175	I	175	102
176	G	176	103
177	I	177	104
178	S	178	105
179	S	179	106
180	A	180	107
181	R	181	108
182	V	182	109
183	Y	183	110
184	A	184	111
185	D	185	112
186	K	186	113
187	R	187	114
188	W	188	115
189	S	189	116
190	C	190	117
191	S	191	118
192	K	192	119
193	L	193	120
194	N	194	121
195	S	195	122
