UNIPROT_SEQ_NUM	UNIPROT	PDBResNumAuthor	PDBResNumCIF
2	T	2	2
3	E	3	3
4	F	4	4
5	W	5	5
6	L	6	6
7	I	7	7
8	S	8	8
9	A	9	9
10	P	10	10
11	G	11	11
12	E	12	12
13	K	13	13
14	T	14	14
15	C	15	15
16	Q	16	16
17	Q	17	17
18	T	18	18
19	W	19	19
20	E	20	20
21	K	21	21
22	L	22	22
23	H	23	23
24	A	24	24
25	A	25	25
26	T	26	26
27	T	27	27
28	K	28	28
29	N	29	29
30	N	30	30
31	N	31	31
32	L	32	32
33	A	33	33
34	V	34	34
35	S	35	35
36	S	36	36
37	K	37	37
38	F	38	38
39	N	39	39
40	I	40	40
41	P	41	41
42	D	42	42
43	L	43	43
44	K	44	44
45	V	45	45
46	G	46	46
47	T	47	47
48	L	48	48
49	D	49	49
50	V	50	50
51	L	51	51
52	V	52	52
53	G	53	53
54	L	54	54
55	S	55	55
56	D	56	56
57	E	57	57
58	L	58	58
59	A	59	59
60	K	60	60
61	L	61	61
62	D	62	62
63	A	63	63
64	F	64	64
65	V	65	65
66	E	66	66
67	G	67	67
68	V	68	68
69	V	69	69
70	K	70	70
71	K	71	71
72	V	72	72
73	A	73	73
74	Q	74	74
75	Y	75	75
76	M	76	76
77	A	77	77
78	D	78	78
79	V	79	79
80	L	80	80
81	E	81	81
82	D	82	82
83	S	83	83
84	K	84	84
85	D	85	85
86	K	86	86
87	V	87	87
88	Q	88	88
89	E	89	89
90	N	90	90
91	L	91	91
92	L	92	92
93	A	93	93
94	S	94	94
95	G	95	95
96	V	96	96
97	D	97	97
98	L	98	98
99	V	99	99
100	T	100	100
101	Y	101	101
102	I	102	102
103	T	103	103
104	R	104	104
105	F	105	105
106	Q	106	106
107	W	107	107
108	D	108	108
109	M	109	109
110	A	110	110
111	K	111	111
112	Y	112	112
113	P	113	113
114	I	114	114
115	K	115	115
116	Q	116	116
117	S	117	117
118	L	118	118
119	K	119	119
120	N	120	120
121	I	121	121
122	S	122	122
123	E	123	123
124	I	124	124
125	I	125	125
126	A	126	126
127	K	127	127
128	G	128	128
129	V	129	129
130	T	130	130
131	Q	131	131
132	I	132	132
133	D	133	133
134	N	134	134
135	D	135	135
136	L	136	136
137	K	137	137
138	S	138	138
139	R	139	139
140	A	140	140
141	S	141	141
142	A	142	142
143	Y	143	143
144	N	144	144
145	N	145	145
146	L	146	146
147	K	147	147
148	G	148	148
149	N	149	149
150	L	150	150
151	Q	151	151
152	N	152	152
153	L	153	153
154	E	154	154
155	R	155	155
156	K	156	156
157	N	157	157
158	A	158	158
159	G	159	159
160	S	160	160
161	L	161	161
162	L	162	162
163	T	163	163
164	R	164	164
165	S	165	165
166	L	166	166
167	A	167	167
168	E	168	168
169	I	169	169
170	V	170	170
171	K	171	171
172	K	172	172
173	D	173	173
174	D	174	174
175	F	175	175
176	V	176	176
177	L	177	177
178	D	178	178
179	S	179	179
180	E	180	180
181	Y	181	181
182	L	182	182
183	V	183	183
184	T	184	184
185	L	185	185
186	L	186	186
187	V	187	187
188	V	188	188
189	V	189	189
190	P	190	190
191	K	191	191
192	L	192	192
193	N	193	193
194	H	194	194
195	N	195	195
196	D	196	196
197	W	197	197
198	I	198	198
199	K	199	199
200	Q	200	200
201	Y	201	201
202	E	202	202
203	T	203	203
204	L	204	204
205	A	205	205
206	E	206	206
207	M	207	207
208	V	208	208
209	V	209	209
210	P	210	210
211	R	211	211
212	S	212	212
213	S	213	213
214	N	214	214
215	V	215	215
216	L	216	216
217	S	217	217
218	E	218	218
219	D	219	219
220	Q	220	220
221	D	221	221
222	S	222	222
223	Y	223	223
224	L	224	224
225	C	225	225
226	N	226	226
227	V	227	227
228	T	228	228
229	L	229	229
230	F	230	230
231	K	231	231
232	K	232	232
233	A	233	233
234	V	234	234
235	D	235	235
236	D	236	236
237	F	237	237
238	R	238	238
239	H	239	239
240	K	240	240
241	A	241	241
242	R	242	242
243	E	243	243
244	N	244	244
245	K	245	245
246	F	246	246
247	I	247	247
248	V	248	248
249	R	249	249
250	D	250	250
251	F	251	251
252	Q	252	252
253	Y	253	253
254	N	254	254
255	E	255	255
256	E	256	256
257	E	257	257
258	M	258	258
259	R	259	259
260	A	260	260
261	D	261	261
262	K	262	262
263	E	263	263
264	E	264	264
265	M	265	265
266	N	266	266
267	R	267	267
268	L	268	268
269	S	269	269
270	T	270	270
271	D	271	271
272	K	272	272
273	K	273	273
274	K	274	274
275	Q	275	275
276	F	276	276
277	G	277	277
278	P	278	278
279	L	279	279
280	V	280	280
281	R	281	281
282	W	282	282
283	L	283	283
284	K	284	284
285	V	285	285
286	N	286	286
287	F	287	287
288	S	288	288
289	E	289	289
290	A	290	290
291	F	291	291
292	I	292	292
293	A	293	293
294	W	294	294
295	I	295	295
296	H	296	296
297	I	297	297
298	K	298	298
299	A	299	299
300	L	300	300
301	R	301	301
302	V	302	302
303	F	303	303
304	V	304	304
305	E	305	305
306	S	306	306
307	V	307	307
308	L	308	308
309	R	309	309
310	Y	310	310
311	G	311	311
312	L	312	312
313	P	313	313
314	V	314	314
315	N	315	315
316	F	316	316
317	Q	317	317
318	A	318	318
319	M	319	319
320	L	320	320
321	L	321	321
322	Q	322	322
323	P	323	323
324	N	324	324
325	K	325	325
326	K	326	326
327	S	327	327
328	V	328	328
329	K	329	329
330	K	330	330
331	L	331	331
332	R	332	332
333	E	333	333
334	V	334	334
335	L	335	335
336	H	336	336
337	E	337	337
338	L	338	338
339	Y	339	339
340	K	340	340
341	H	341	341
342	L	342	342
343	D	343	343
365	E	365	365
366	Y	366	366
367	Y	367	367
368	P	368	368
369	Y	369	369
370	V	370	370
371	Y	371	371
372	Y	372	372
373	K	373	373
374	I	374	374
375	D	375	375
376	C	376	376
377	N	377	377
378	L	378	378
379	L	379	379
380	E	380	380
