UNIPROT_SEQ_NUM	UNIPROT	PDBResNumAuthor	PDBResNumCIF
315	K	316	3
316	N	317	4
317	H	318	5
318	E	319	6
319	I	320	7
320	K	321	8
321	L	322	9
322	I	323	10
323	K	324	11
324	G	325	12
325	P	326	13
326	K	327	14
327	G	328	15
328	L	329	16
329	G	330	17
330	F	331	18
331	S	332	19
332	I	333	20
333	A	334	21
334	G	335	22
335	G	336	23
336	V	337	24
337	G	338	25
338	N	339	26
339	Q	340	27
340	H	341	28
341	I	342	29
342	P	343	30
343	G	344	31
344	D	345	32
345	N	346	33
346	S	347	34
347	I	348	35
348	Y	349	36
349	V	350	37
350	T	351	38
351	K	352	39
352	I	353	40
353	I	354	41
354	E	355	42
355	G	356	43
356	G	357	44
357	A	358	45
358	A	359	46
359	H	360	47
360	K	361	48
361	D	362	49
362	G	363	50
363	K	364	51
364	L	365	52
365	Q	366	53
366	I	367	54
367	G	368	55
368	D	369	56
369	K	370	57
370	L	371	58
371	L	372	59
372	A	373	60
373	V	374	61
374	N	375	62
375	S	376	63
376	V	377	64
377	C	378	65
378	L	379	66
379	E	380	67
380	E	381	68
381	V	382	69
382	T	383	70
383	H	384	71
384	E	385	72
385	E	386	73
386	A	387	74
387	V	388	75
388	T	389	76
389	A	390	77
390	L	391	78
391	K	392	79
392	N	393	80
393	T	394	81
394	S	395	82
395	D	396	83
396	F	397	84
397	V	398	85
398	Y	399	86
399	L	400	87
400	K	401	88
401	A	402	89
402	A	403	90
403	K	404	91
404	P	405	92
405	T	406	93
