UNIPROT_SEQ_NUM	UNIPROT	PDBResNumAuthor	PDBResNumCIF
1	M	1	13
2	S	2	14
3	L	3	15
4	L	4	16
5	C	5	17
6	V	6	18
7	G	7	19
8	V	8	20
9	K	9	21
10	K	10	22
11	A	11	23
12	K	12	24
13	F	13	25
14	D	14	26
15	G	15	27
16	A	16	28
17	Q	17	29
18	E	18	30
19	K	19	31
20	F	20	32
21	N	21	33
22	T	22	34
23	Y	23	35
24	V	24	36
25	T	25	37
26	L	26	38
27	K	27	39
28	V	28	40
29	Q	29	41
30	N	30	42
31	V	31	43
32	K	32	44
33	S	33	45
34	T	34	46
35	T	35	47
36	I	36	48
37	A	37	49
38	V	38	50
39	R	39	51
40	G	40	52
41	S	41	53
42	Q	42	54
43	P	43	55
44	S	44	56
45	W	45	57
46	E	46	58
47	Q	47	59
48	D	48	60
49	F	49	61
50	M	50	62
51	F	51	63
52	E	52	64
53	I	53	65
54	N	54	66
55	R	55	67
56	L	56	68
57	D	57	69
58	L	58	70
59	G	59	71
60	L	60	72
61	T	61	73
62	V	62	74
63	E	63	75
64	V	64	76
65	W	65	77
66	N	66	78
67	K	67	79
68	G	68	80
69	L	69	81
70	I	70	82
71	W	71	83
72	D	72	84
73	T	73	85
74	M	74	86
75	V	75	87
76	G	76	88
77	T	77	89
78	V	78	90
79	W	79	91
80	I	80	92
81	P	81	93
82	L	82	94
83	R	83	95
84	T	84	96
85	I	85	97
86	R	86	98
87	Q	87	99
88	S	88	100
89	N	89	101
90	E	90	102
91	E	91	103
92	G	92	104
93	P	93	105
94	G	94	106
95	E	95	107
96	W	96	108
97	L	97	109
98	T	98	110
99	L	99	111
100	D	100	112
101	S	101	113
102	Q	102	114
103	A	103	115
104	I	104	116
105	M	105	117
106	A	106	118
107	D	107	119
108	S	108	120
109	E	109	121
110	I	110	122
111	C	111	123
112	G	112	124
113	T	113	125
114	K	114	126
115	D	115	127
116	P	116	128
117	T	117	129
118	F	118	130
119	H	119	131
120	R	120	132
121	I	121	133
122	L	122	134
123	L	123	135
124	D	124	136
125	A	125	137
126	H	126	138
127	F	127	139
128	E	128	140
129	L	129	141
130	P	130	142
131	L	131	143
132	D	132	144
133	I	133	145
134	P	134	146
135	E	135	147
136	E	136	148
137	E	137	149
138	A	138	150
139	R	139	151
140	Y	140	152
141	W	141	153
142	A	142	154
143	K	143	155
144	K	144	156
145	L	145	157
146	E	146	158
147	Q	147	159
148	L	148	160
149	N	149	161
150	A	150	162
