UNIPROT_SEQ_NUM	UNIPROT	PDBResNumAuthor	PDBResNumCIF
61	K	61	8
62	D	62	9
63	A	63	10
64	E	64	11
65	A	65	12
66	V	66	13
67	Q	67	14
68	K	68	15
69	F	69	16
70	F	70	17
71	L	71	18
72	E	72	19
73	E	73	20
74	I	74	21
75	Q	75	22
76	L	76	23
77	G	77	24
78	E	78	25
79	E	79	26
80	L	80	27
81	L	81	28
82	A	82	29
83	Q	83	30
84	G	84	31
85	D	85	32
86	Y	86	33
87	E	87	34
88	K	88	35
89	G	89	36
90	V	90	37
91	D	91	38
92	H	92	39
93	L	93	40
94	T	94	41
95	N	95	42
96	A	96	43
97	I	97	44
98	A	98	45
99	V	99	46
100	C	100	47
101	G	101	48
102	Q	102	49
103	P	103	50
104	Q	104	51
105	Q	105	52
106	L	106	53
107	L	107	54
108	Q	108	55
109	V	109	56
110	L	110	57
111	Q	111	58
112	Q	112	59
113	T	113	60
114	L	114	61
115	P	115	62
116	P	116	63
117	P	117	64
118	V	118	65
119	F	119	66
120	Q	120	67
121	M	121	68
122	L	122	69
123	L	123	70
124	T	124	71
125	K	125	72
126	L	126	73
