UNIPROT_SEQ_NUM	UNIPROT	PDBResNumAuthor	PDBResNumCIF
451	T	451	2
452	P	452	3
453	V	453	4
454	D	454	5
455	S	455	6
456	N	456	7
457	D	457	8
458	L	458	9
459	G	459	10
460	P	460	11
461	L	461	12
462	P	462	13
463	P	463	14
464	G	464	15
465	W	465	16
466	E	466	17
467	E	467	18
468	R	468	19
469	T	469	20
470	H	470	21
471	T	471	22
472	D	472	23
473	G	473	24
474	R	474	25
475	V	475	26
476	F	476	27
477	F	477	28
478	I	478	29
479	N	479	30
480	H	480	31
481	N	481	32
482	I	482	33
483	K	483	34
484	K	484	35
485	T	485	36
486	Q	486	37
487	W	487	38
488	E	488	39
489	D	489	40
490	P	490	41
491	R	491	42
492	M	492	43
493	Q	493	44
494	N	494	45
495	V	495	46
496	A	496	47
497	I	497	48
498	T	498	49
499	G	499	50
