UNIPROT_SEQ_NUM	UNIPROT	PDBResNumAuthor	PDBResNumCIF
21	L	2	2
22	S	3	3
23	S	4	4
24	L	5	5
25	R	6	6
26	M	7	7
27	A	8	8
28	A	9	9
29	I	10	10
30	L	11	11
31	D	12	12
32	D	13	13
33	Q	14	14
34	T	15	15
35	V	16	16
36	C	17	17
37	G	18	18
38	R	19	19
39	G	20	20
40	E	21	21
41	R	22	22
42	L	23	23
43	A	24	24
44	L	25	25
45	A	26	26
46	L	27	27
47	A	28	28
48	R	29	29
49	E	30	30
50	Q	31	31
51	I	32	32
52	N	33	33
53	G	34	34
54	I	35	35
55	I	36	36
56	E	37	37
57	V	38	38
58	P	39	39
59	A	40	40
60	K	41	41
61	A	42	42
62	R	43	43
63	V	44	44
64	E	45	45
65	V	46	46
66	D	47	47
67	I	48	48
68	F	49	49
69	E	50	50
70	L	51	51
71	Q	52	52
72	R	53	53
73	D	54	54
74	S	55	55
75	Q	56	56
76	Y	57	57
77	E	58	58
78	T	59	59
79	T	60	60
80	D	61	61
81	T	62	62
82	M	63	63
83	C	64	64
84	Q	65	65
85	I	66	66
86	L	67	67
87	P	68	68
88	K	69	69
89	G	70	70
90	V	71	71
91	V	72	72
92	S	73	73
93	V	74	74
94	L	75	75
95	G	76	76
96	P	77	77
97	S	78	78
98	S	79	79
99	S	80	80
100	P	81	81
101	A	82	82
102	S	83	83
103	A	84	84
104	S	85	85
105	T	86	86
106	V	87	87
107	S	88	88
108	H	89	89
109	I	90	90
110	C	91	91
111	G	92	92
112	E	93	93
113	K	94	94
114	E	95	95
115	I	96	96
116	P	97	97
117	H	98	98
118	I	99	99
119	K	100	100
120	V	101	101
121	G	102	102
122	P	103	103
123	E	104	104
124	E	105	105
125	T	106	106
126	P	107	107
127	R	108	108
128	L	109	109
129	Q	110	110
130	Y	111	111
131	L	112	112
132	R	113	113
133	F	114	114
134	A	115	115
135	S	116	116
136	V	117	117
137	S	118	118
138	L	119	119
139	Y	120	120
140	P	121	121
141	S	122	122
142	N	123	123
143	E	124	124
144	D	125	125
145	V	126	126
146	S	127	127
147	L	128	128
148	A	129	129
149	V	130	130
150	S	131	131
151	R	132	132
152	I	133	133
153	L	134	134
154	K	135	135
155	S	136	136
156	F	137	137
157	N	138	138
158	Y	139	139
159	P	140	140
160	S	141	141
161	A	142	142
162	S	143	143
163	L	144	144
164	I	145	145
165	C	146	146
166	A	147	147
167	K	148	148
168	A	149	149
169	E	150	150
170	C	151	151
171	L	152	152
172	L	153	153
173	R	154	154
174	L	155	155
175	E	156	156
176	E	157	157
177	L	158	158
178	V	159	159
179	R	160	160
180	G	161	161
181	F	162	162
182	L	163	163
183	I	164	164
184	S	165	165
185	K	166	166
186	E	167	167
187	T	168	168
188	L	169	169
189	S	170	170
190	V	171	171
191	R	172	172
192	M	173	173
193	L	174	174
194	D	175	175
197	R	178	178
198	D	179	179
199	P	180	180
200	T	181	181
201	P	182	182
202	L	183	183
203	L	184	184
204	K	185	185
205	E	186	186
206	I	187	187
207	R	188	188
208	D	189	189
209	D	190	190
210	K	191	191
211	V	192	192
212	S	193	193
213	T	194	194
214	I	195	195
215	I	196	196
216	I	197	197
217	D	198	198
218	A	199	199
219	N	200	200
220	A	201	201
221	S	202	202
222	I	203	203
223	S	204	204
224	H	205	205
225	L	206	206
226	V	207	207
227	L	208	208
228	R	209	209
229	K	210	210
230	A	211	211
231	S	212	212
232	E	213	213
233	L	214	214
234	G	215	215
235	M	216	216
236	T	217	217
237	S	218	218
238	A	219	219
239	F	220	220
240	Y	221	221
241	K	222	222
242	Y	223	223
243	I	224	224
244	L	225	225
245	T	226	226
246	T	227	227
247	M	228	228
248	D	229	229
249	F	230	230
250	P	231	231
251	I	232	232
252	L	233	233
253	H	234	234
254	L	235	235
255	D	236	236
256	G	237	237
257	I	238	238
258	V	239	239
259	E	240	240
260	D	241	241
261	S	242	242
262	S	243	243
263	N	244	244
264	I	245	245
265	L	246	246
266	G	247	247
267	F	248	248
268	S	249	249
269	M	250	250
270	F	251	251
271	N	252	252
272	T	253	253
273	S	254	254
274	H	255	255
275	P	256	256
276	F	257	257
277	Y	258	258
278	P	259	259
279	E	260	260
280	F	261	261
281	V	262	262
282	R	263	263
283	S	264	264
284	L	265	265
285	N	266	266
286	M	267	267
287	S	268	268
288	W	269	269
289	R	270	270
290	E	271	271
291	N	272	272
292	C	273	273
293	E	274	274
294	A	275	275
295	S	276	276
296	T	277	277
297	Y	278	278
298	P	279	279
299	G	280	280
300	P	281	281
301	A	282	282
302	L	283	283
303	S	284	284
304	A	285	285
305	A	286	286
306	L	287	287
307	M	288	288
308	F	289	289
309	D	290	290
310	A	291	291
311	V	292	292
312	H	293	293
313	V	294	294
314	V	295	295
315	V	296	296
316	S	297	297
317	A	298	298
318	V	299	299
319	R	300	300
320	E	301	301
321	L	302	302
322	N	303	303
323	R	304	304
324	S	305	305
325	Q	306	306
326	E	307	307
327	I	308	308
328	G	309	309
329	V	310	310
330	K	311	311
331	P	312	312
332	L	313	313
333	A	314	314
334	C	315	315
335	T	316	316
336	S	317	317
337	A	318	318
338	N	319	319
339	I	320	320
340	W	321	321
341	P	322	322
342	H	323	323
343	G	324	324
344	T	325	325
345	S	326	326
346	L	327	327
347	M	328	328
348	N	329	329
349	Y	330	330
350	L	331	331
351	R	332	332
352	M	333	333
353	V	334	334
354	E	335	335
355	Y	336	336
356	D	337	337
357	G	338	338
358	L	339	339
359	T	340	340
360	G	341	341
361	R	342	342
362	V	343	343
363	E	344	344
364	F	345	345
365	N	346	346
366	S	347	347
367	K	348	348
368	G	349	349
369	Q	350	350
370	R	351	351
371	T	352	352
372	N	353	353
373	Y	354	354
374	T	355	355
375	L	356	356
376	R	357	357
377	I	358	358
378	L	359	359
379	E	360	360
380	K	361	361
381	S	362	362
382	R	363	363
383	Q	364	364
384	G	365	365
385	H	366	366
386	R	367	367
387	E	368	368
388	I	369	369
389	G	370	370
390	V	371	371
391	W	372	372
392	Y	373	373
393	S	374	374
394	N	375	375
