UNIPROT_SEQ_NUM	UNIPROT	PDBResNumAuthor	PDBResNumCIF
2	V	2	2
3	F	3	3
4	R	4	4
5	R	5	5
6	F	6	6
7	V	7	7
8	E	8	8
9	V	9	9
10	G	10	10
11	R	11	11
12	V	12	12
13	A	13	13
14	Y	14	14
15	I	15	15
16	S	16	16
17	F	17	17
18	G	18	18
19	P	19	19
20	H	20	20
21	A	21	21
22	G	22	22
23	K	23	23
24	L	24	24
25	V	25	25
26	A	26	26
27	I	27	27
28	V	28	28
29	D	29	29
30	V	30	30
31	I	31	31
32	D	32	32
33	Q	33	33
34	N	34	34
35	R	35	35
36	A	36	36
37	L	37	37
38	V	38	38
39	D	39	39
40	G	40	40
41	P	41	41
42	C	42	42
43	T	43	43
44	R	44	44
45	V	45	45
46	R	46	46
47	R	47	47
48	Q	48	48
49	A	49	49
50	M	50	50
51	P	51	51
52	F	52	52
53	K	53	53
54	C	54	54
55	M	55	55
56	Q	56	56
57	L	57	57
58	T	58	58
59	D	59	59
60	F	60	60
61	I	61	61
62	L	62	62
63	K	63	63
64	F	64	64
65	P	65	65
66	H	66	66
67	S	67	67
68	A	68	68
69	R	69	69
70	Q	70	70
71	K	71	71
72	Y	72	72
73	V	73	73
74	R	74	74
75	K	75	75
76	A	76	76
77	W	77	77
78	E	78	78
79	K	79	79
80	A	80	80
81	D	81	81
82	I	82	82
83	N	83	83
84	T	84	84
85	K	85	85
86	W	86	86
87	A	87	87
88	A	88	88
89	T	89	89
90	R	90	90
91	W	91	91
92	A	92	92
93	K	93	93
94	K	94	94
95	I	95	95
96	D	96	96
97	A	97	97
98	R	98	98
99	E	99	99
100	R	100	100
101	K	101	101
102	A	102	102
103	K	103	103
104	M	104	104
105	T	105	105
106	D	106	106
107	F	107	107
108	D	108	108
109	R	109	109
110	F	110	110
111	K	111	111
112	V	112	112
113	M	113	113
114	K	114	114
115	A	115	115
116	K	116	116
117	K	117	117
118	M	118	118
119	R	119	119
120	N	120	120
121	R	121	121
122	I	122	122
123	I	123	123
124	K	124	124
125	T	125	125
126	E	126	126
127	V	127	127
128	K	128	128
129	K	129	129
130	L	130	130
131	Q	131	131
132	R	132	132
133	A	133	133
134	A	134	134
135	L	135	135
136	L	136	136
137	K	137	137
138	A	138	138
139	S	139	139
140	P	140	140
