UNIPROT_SEQ_NUM	UNIPROT	PDBResNumAuthor	PDBResNumCIF
32	S	32	5
33	G	33	6
34	Q	34	7
35	F	35	8
36	E	36	9
37	L	37	10
38	E	38	11
39	I	39	12
40	L	40	13
41	S	41	14
42	M	42	15
43	Q	43	16
44	N	44	17
45	V	45	18
46	N	46	19
47	G	47	20
48	E	48	21
49	L	49	22
50	Q	50	23
51	N	51	24
52	G	52	25
53	N	53	26
54	C	54	27
55	C	55	28
56	G	56	29
57	G	57	30
58	A	58	31
59	R	59	32
60	N	60	33
61	P	61	34
62	G	62	35
63	D	63	36
64	R	64	37
65	K	65	38
66	C	66	39
67	T	67	40
68	R	68	41
69	D	69	42
70	E	70	43
71	C	71	44
72	D	72	45
73	T	73	46
74	Y	74	47
75	F	75	48
76	K	76	-
77	V	77	50
78	C	78	51
79	L	79	52
80	K	80	-
81	E	81	54
82	Y	82	55
83	Q	83	56
84	S	84	57
85	R	85	58
86	V	86	59
87	T	87	60
88	A	88	61
89	G	89	62
90	G	90	63
91	P	91	64
92	C	92	65
93	S	93	66
94	F	94	67
95	G	95	68
96	S	96	69
97	G	97	70
98	S	98	71
99	T	99	72
100	P	100	73
101	V	101	74
102	I	102	75
103	G	103	76
104	G	104	77
105	N	105	78
106	T	106	79
107	F	107	80
108	N	108	81
109	L	109	82
110	K	110	83
111	A	111	84
112	S	112	85
113	R	113	86
114	G	114	87
115	N	115	88
116	D	116	89
117	R	117	90
118	N	118	91
119	R	119	92
120	I	120	93
121	V	121	94
122	L	122	95
123	P	123	96
124	F	124	97
125	S	125	98
126	F	126	99
127	A	127	100
128	W	128	101
129	P	129	102
130	R	130	103
131	S	131	104
132	Y	132	105
133	T	133	106
134	L	134	107
135	L	135	108
136	V	136	109
137	E	137	110
138	A	138	111
139	W	139	112
140	D	140	113
141	S	141	114
142	S	142	115
143	N	143	116
144	D	144	117
145	T	145	118
146	I	146	119
147	Q	147	120
148	P	148	121
149	D	149	122
150	S	150	123
151	I	151	124
152	I	152	125
153	E	153	126
154	K	154	-
155	A	155	128
156	S	156	129
157	H	157	130
158	S	158	131
159	G	159	132
160	M	160	133
161	I	161	134
162	N	162	135
163	P	163	136
164	S	164	137
165	R	165	138
166	Q	166	139
167	W	167	140
168	Q	168	141
169	T	169	142
170	L	170	143
171	K	171	-
172	Q	172	145
173	N	173	146
174	T	174	147
175	G	175	148
176	I	176	149
177	A	177	150
178	H	178	151
179	F	179	152
180	E	180	153
181	Y	181	154
182	Q	182	155
183	I	183	156
184	R	184	157
185	V	185	158
186	T	186	159
187	C	187	160
188	D	188	161
189	D	189	162
190	H	190	163
191	Y	191	164
192	Y	192	165
193	G	193	166
194	F	194	167
195	G	195	168
196	C	196	169
197	N	197	170
198	K	198	-
199	F	199	172
200	C	200	173
201	R	201	174
202	P	202	175
203	R	203	176
204	D	204	177
205	D	205	178
206	F	206	179
207	F	207	180
208	G	208	181
209	H	209	182
210	Y	210	183
211	A	211	184
212	C	212	185
213	D	213	186
214	Q	214	187
215	N	215	188
216	G	216	189
217	N	217	190
218	K	218	-
219	T	219	192
220	C	220	193
221	M	221	194
222	E	222	195
223	G	223	196
224	W	224	197
225	M	225	198
226	G	226	199
227	P	227	200
228	E	228	201
229	C	229	202
230	N	230	203
231	K	231	204
232	A	232	205
233	I	233	206
234	C	234	207
235	R	235	208
236	Q	236	209
237	G	237	210
238	C	238	211
239	S	239	212
240	P	240	213
241	K	241	-
242	H	242	215
243	G	243	216
244	S	244	217
245	C	245	218
246	K	246	219
247	L	247	220
248	P	248	221
249	G	249	222
250	D	250	223
251	C	251	224
252	R	252	225
253	C	253	226
254	Q	254	227
255	Y	255	228
256	G	256	229
257	W	257	230
258	Q	258	231
259	G	259	232
260	L	260	233
261	Y	261	234
262	C	262	235
263	D	263	236
264	K	264	-
265	C	265	238
266	I	266	239
267	P	267	240
268	H	268	241
269	P	269	242
270	G	270	243
271	C	271	244
272	V	272	245
273	H	273	246
274	G	274	247
275	T	275	248
276	C	276	249
277	N	277	250
278	E	278	251
279	P	279	252
280	W	280	253
281	Q	281	254
282	C	282	255
283	L	283	256
284	C	284	257
285	E	285	258
286	T	286	259
287	N	287	260
288	W	288	261
289	G	289	262
290	G	290	263
291	Q	291	264
292	L	292	265
293	C	293	266
294	D	294	267
295	K	295	-
296	D	296	269
297	L	297	270
298	N	298	271
299	Y	299	272
300	C	300	273
301	G	301	274
302	T	302	275
303	H	303	276
304	Q	304	277
305	P	305	278
306	C	306	279
307	L	307	280
308	N	308	281
309	R	309	282
310	G	310	283
311	T	311	284
312	C	312	285
313	S	313	286
314	N	314	287
315	T	315	288
316	G	316	289
317	P	317	290
318	D	318	291
319	K	319	292
320	Y	320	293
321	Q	321	294
322	C	322	295
323	S	323	296
324	C	324	297
325	P	325	298
326	E	326	299
327	G	327	300
328	Y	328	301
329	S	329	302
330	G	330	303
331	P	331	304
332	N	332	305
333	C	333	306
334	E	334	307
