UNIPROT_SEQ_NUM	UNIPROT	PDBResNumAuthor	PDBResNumCIF
88	H	711	718
89	Y	712	719
90	S	713	720
91	N	714	721
92	I	715	722
107	F	730	737
108	V	731	738
109	Q	732	739
110	L	733	740
111	A	734	741
112	G	735	742
113	D	736	743
114	D	737	744
115	M	738	745
116	E	739	746
117	V	740	747
118	S	741	748
119	A	742	749
120	T	743	750
121	E	744	751
122	L	745	752
123	M	746	753
124	N	747	754
125	I	748	755
126	L	749	756
127	N	750	757
128	K	751	758
133	H	756	763
134	P	757	764
135	D	758	765
136	L	759	766
137	K	760	767
140	G	763	770
141	F	764	771
142	G	765	772
143	I	766	773
144	D	767	774
145	T	768	775
146	C	769	776
147	R	770	777
148	S	771	778
149	M	772	779
150	V	773	780
151	A	774	781
152	V	775	782
153	M	776	783
154	D	777	784
155	S	778	785
156	D	779	786
157	T	780	787
158	T	781	788
159	G	782	789
160	K	783	790
161	L	784	791
162	G	785	792
163	F	786	793
164	E	787	794
165	E	788	795
166	F	789	796
167	K	790	797
168	Y	791	798
169	L	792	799
170	W	793	800
171	N	794	801
172	N	795	802
173	I	796	803
174	K	797	804
175	K	798	805
176	W	799	806
177	Q	800	807
178	G	801	808
179	I	802	809
180	Y	803	810
185	T	808	815
186	D	809	816
187	R	810	817
188	S	811	818
189	G	812	819
197	P	820	827
198	G	821	828
199	A	822	829
200	F	823	830
201	E	824	831
202	A	825	832
203	A	826	833
204	G	827	834
205	F	828	835
206	H	829	836
207	L	830	837
208	N	831	838
209	Q	832	839
210	H	833	840
211	I	834	841
212	Y	835	842
213	S	836	843
222	E	845	852
223	T	846	853
224	G	847	854
225	N	848	855
226	M	849	856
227	D	850	857
228	F	851	858
229	D	852	859
230	N	853	860
231	F	854	861
232	I	855	862
233	S	856	863
234	C	857	864
235	L	858	865
236	V	859	866
237	R	860	867
238	L	861	868
239	D	862	869
240	A	863	870
241	M	864	871
242	F	865	872
243	R	866	873
244	A	867	874
245	F	868	875
246	R	869	876
247	S	870	877
248	L	871	878
249	D	872	879
250	K	873	880
251	N	874	881
252	G	875	882
253	T	876	883
254	G	877	884
255	Q	878	885
256	I	879	886
257	Q	880	887
258	V	881	888
259	N	882	889
260	I	883	890
261	Q	884	891
262	E	885	892
263	W	886	893
264	L	887	894
265	Q	888	895
266	L	889	896
267	T	890	897
268	M	891	898
269	Y	892	899
270	S	893	900
