UNIPROT_SEQ_NUM	UNIPROT	PDBResNumAuthor	PDBResNumCIF
97	S	97	11
98	E	98	12
99	E	99	13
100	E	100	14
101	R	101	15
102	Q	102	16
103	F	103	17
104	R	104	18
105	K	105	19
106	L	106	20
107	F	107	21
108	V	108	22
109	Q	109	23
110	L	110	24
111	A	111	25
112	G	112	26
113	D	113	27
114	D	114	28
115	M	115	29
116	E	116	30
117	V	117	31
118	S	118	32
119	A	119	33
120	T	120	34
121	E	121	35
122	L	122	36
123	M	123	37
124	N	124	38
125	I	125	39
126	L	126	40
127	N	127	41
128	K	128	42
129	V	129	43
130	V	130	44
131	T	131	45
132	R	132	46
133	H	133	47
134	P	134	48
135	D	135	49
136	L	136	50
137	K	137	51
138	T	138	52
139	D	139	53
140	G	140	54
141	F	141	55
142	G	142	56
143	I	143	57
144	D	144	58
145	T	145	59
146	C	146	60
147	R	147	61
148	S	148	62
149	M	149	63
150	V	150	64
151	A	151	65
152	V	152	66
153	M	153	67
154	D	154	68
155	S	155	69
156	D	156	70
157	T	157	71
158	T	158	72
159	G	159	73
160	K	160	74
161	L	161	75
162	G	162	76
163	F	163	77
164	E	164	78
165	E	165	79
166	F	166	80
167	K	167	81
168	Y	168	82
169	L	169	83
170	W	170	84
171	N	171	85
172	N	172	86
173	I	173	87
174	K	174	88
175	K	175	89
176	W	176	90
177	Q	177	91
178	G	178	92
179	I	179	93
180	Y	180	94
181	K	181	95
182	R	182	96
183	F	183	97
184	D	184	98
185	T	185	99
186	D	186	100
187	R	187	101
188	S	188	102
189	G	189	103
190	T	190	104
191	I	191	105
192	G	192	106
193	S	193	107
194	N	194	108
195	E	195	109
196	L	196	110
197	P	197	111
198	G	198	112
199	A	199	113
200	F	200	114
201	E	201	115
202	A	202	116
203	A	203	117
204	G	204	118
205	F	205	119
206	H	206	120
207	L	207	121
208	N	208	122
209	Q	209	123
210	H	210	124
211	I	211	125
212	Y	212	126
213	S	213	127
214	M	214	128
215	I	215	129
216	I	216	130
217	R	217	131
218	R	218	132
219	Y	219	133
220	S	220	134
221	D	221	135
222	E	222	136
223	T	223	137
224	G	224	138
225	N	225	139
226	M	226	140
227	D	227	141
228	F	228	142
229	D	229	143
230	N	230	144
231	F	231	145
232	I	232	146
233	S	233	147
234	C	234	148
235	L	235	149
236	V	236	150
237	R	237	151
238	L	238	152
239	D	239	153
240	A	240	154
241	M	241	155
242	F	242	156
243	R	243	157
244	A	244	158
245	F	245	159
246	R	246	160
247	S	247	161
248	L	248	162
249	D	249	163
250	K	250	164
251	N	251	165
252	G	252	166
253	T	253	167
254	G	254	168
255	Q	255	169
256	I	256	170
257	Q	257	171
258	V	258	172
259	N	259	173
260	I	260	174
261	Q	261	175
262	E	262	176
263	W	263	177
264	L	264	178
265	Q	265	179
266	L	266	180
267	T	267	181
268	M	268	182
269	Y	269	183
270	S	270	184
