UNIPROT_SEQ_NUM	UNIPROT	PDBResNumAuthor	PDBResNumCIF
60	K	60	60
61	E	61	61
62	K	62	62
63	Q	63	63
64	I	64	64
65	E	65	65
66	Q	66	66
67	Q	67	67
68	K	68	68
69	K	69	69
70	I	70	70
71	Q	71	71
72	M	72	72
73	S	73	73
74	N	74	74
75	L	75	75
76	M	76	76
77	N	77	77
78	Q	78	78
79	A	79	79
80	R	80	80
81	L	81	81
82	K	82	82
83	V	83	83
84	L	84	84
85	R	85	85
86	A	86	86
87	R	87	87
88	D	88	88
89	D	89	89
90	L	90	90
91	I	91	91
92	T	92	92
93	D	93	93
94	L	94	94
95	L	95	95
96	N	96	96
97	E	97	97
98	A	98	98
99	K	99	99
100	Q	100	100
101	R	101	101
102	L	102	102
103	S	103	103
104	K	104	104
105	V	105	105
106	V	106	106
107	K	107	107
108	D	108	108
109	T	109	109
110	T	110	110
111	R	111	111
112	Y	112	112
113	Q	113	113
114	V	114	114
115	L	115	115
116	L	116	116
117	D	117	117
118	G	118	118
119	L	119	119
120	V	120	120
121	L	121	121
122	Q	122	122
123	G	123	123
124	L	124	124
125	Y	125	125
126	Q	126	126
127	L	127	127
128	L	128	128
129	E	129	129
130	P	130	130
131	R	131	131
132	M	132	132
133	I	133	133
134	V	134	134
135	R	135	135
136	C	136	136
137	R	137	137
138	K	138	138
139	Q	139	139
140	D	140	140
141	F	141	141
142	P	142	142
143	L	143	143
144	V	144	144
145	K	145	145
146	A	146	146
147	A	147	147
148	V	148	148
149	Q	149	149
150	K	150	150
151	A	151	151
152	I	152	152
153	P	153	153
154	M	154	154
155	Y	155	155
156	K	156	156
157	I	157	157
158	A	158	158
159	T	159	159
160	K	160	160
161	K	161	161
162	D	162	162
163	V	163	163
164	D	164	164
165	V	165	165
166	Q	166	166
167	I	167	167
168	D	168	168
169	L	169	169
170	E	170	170
171	A	171	171
172	Y	172	172
173	L	173	173
174	P	174	174
175	E	175	175
176	D	176	176
177	I	177	177
178	A	178	178
179	G	179	179
180	G	180	180
181	V	181	181
182	E	182	182
183	I	183	183
184	Y	184	184
185	N	185	185
186	G	186	186
187	D	187	187
188	R	188	188
189	K	189	189
190	I	190	190
191	K	191	191
192	V	192	192
193	S	193	193
194	N	194	194
195	T	195	195
196	L	196	196
197	E	197	197
198	S	198	198
199	R	199	199
200	L	200	200
201	D	201	201
202	L	202	202
203	I	203	203
204	A	204	204
205	Q	205	205
206	Q	206	206
207	M	207	207
208	M	208	208
209	P	209	209
210	E	210	210
211	V	211	211
212	R	212	212
213	G	213	213
214	A	214	214
215	L	215	215
216	F	216	216
217	G	217	217
218	A	218	218
219	N	219	219
220	A	220	220
221	N	221	221
222	R	222	222
223	K	223	223
224	F	224	224
225	L	225	225
226	D	226	226
