UNIPROT_SEQ_NUM	UNIPROT	PDBResNumAuthor	PDBResNumCIF
3	R	3	3
4	R	4	4
5	P	5	5
6	A	6	6
7	R	7	7
8	C	8	8
9	Y	9	9
10	R	10	10
11	Y	11	11
12	C	12	12
13	K	13	13
14	N	14	14
15	K	15	15
16	P	16	16
17	Y	17	17
18	P	18	18
19	K	19	19
20	S	20	20
21	R	21	21
22	F	22	22
23	C	23	23
24	R	24	24
25	G	25	25
26	V	26	26
27	P	27	27
28	D	28	28
29	A	29	29
30	K	30	30
31	I	31	31
32	R	32	32
33	I	33	33
34	F	34	34
35	D	35	35
36	L	36	36
37	G	37	37
38	R	38	38
39	K	39	39
40	K	40	40
41	A	41	41
42	K	42	42
43	V	43	43
44	D	44	44
45	E	45	45
46	F	46	46
47	P	47	47
48	L	48	48
49	C	49	49
50	G	50	50
51	H	51	51
52	M	52	52
53	V	53	53
54	S	54	54
55	D	55	55
56	E	56	56
57	Y	57	57
58	E	58	58
59	Q	59	59
60	L	60	60
61	S	61	61
62	S	62	62
63	E	63	63
64	A	64	64
65	L	65	65
66	E	66	66
67	A	67	67
68	A	68	68
69	R	69	69
70	I	70	70
71	C	71	71
72	A	72	72
73	N	73	73
74	K	74	74
75	Y	75	75
76	M	76	76
77	V	77	77
78	K	78	78
79	S	79	79
80	C	80	80
81	G	81	81
82	K	82	82
83	D	83	83
84	G	84	84
85	F	85	85
86	H	86	86
87	I	87	87
88	R	88	88
89	V	89	89
90	R	90	90
91	L	91	91
92	H	92	92
93	P	93	93
94	F	94	94
95	H	95	95
96	V	96	96
97	I	97	97
98	R	98	98
99	I	99	99
100	N	100	100
101	K	101	101
102	M	102	102
103	L	103	103
104	S	104	104
108	A	108	108
109	D	109	109
110	R	110	110
111	L	111	111
112	Q	112	112
113	T	113	113
114	G	114	114
115	M	115	115
116	R	116	116
117	G	117	117
118	A	118	118
119	F	119	119
120	G	120	120
121	K	121	121
122	P	122	122
123	Q	123	123
124	G	124	124
125	T	125	125
126	V	126	126
127	A	127	127
128	R	128	128
129	V	129	129
130	H	130	130
131	I	131	131
132	G	132	132
133	Q	133	133
134	V	134	134
135	I	135	135
136	M	136	136
137	S	137	137
138	I	138	138
139	R	139	139
140	T	140	140
141	K	141	141
142	L	142	142
143	Q	143	143
144	N	144	144
145	K	145	145
146	E	146	146
147	H	147	147
148	V	148	148
149	I	149	149
150	E	150	150
151	A	151	151
152	L	152	152
153	R	153	153
154	R	154	154
155	A	155	155
156	K	156	156
157	F	157	157
158	K	158	158
159	F	159	159
160	P	160	160
161	G	161	161
162	R	162	162
163	Q	163	163
164	K	164	164
165	I	165	165
166	H	166	166
167	I	167	167
168	S	168	168
169	K	169	169
170	K	170	170
171	W	171	171
172	G	172	172
173	F	173	173
174	T	174	174
175	K	175	175
176	F	176	176
177	N	177	177
178	A	178	178
179	D	179	179
180	E	180	180
181	F	181	181
182	E	182	182
183	D	183	183
184	M	184	184
185	V	185	185
186	A	186	186
187	E	187	187
188	K	188	188
189	R	189	189
190	L	190	190
191	I	191	191
192	P	192	192
193	D	193	193
194	G	194	194
195	C	195	195
196	G	196	196
197	V	197	197
198	K	198	198
199	Y	199	199
200	I	200	200
201	P	201	201
202	N	202	202
203	R	203	203
204	G	204	204
205	P	205	205
206	L	206	206
207	D	207	207
208	K	208	208
209	W	209	209
210	R	210	210
211	A	211	211
212	L	212	212
213	H	213	213
