UNIPROT_SEQ_NUM	UNIPROT	PDBResNumAuthor	PDBResNumCIF
252	A	252	1
253	K	253	2
254	N	254	3
255	I	255	4
256	N	256	5
257	K	257	6
258	S	258	7
259	L	259	8
260	S	260	9
261	A	261	10
262	L	262	11
263	G	263	12
264	N	264	13
265	V	265	14
266	I	266	15
267	S	267	16
268	A	268	17
269	L	269	18
270	A	270	19
271	E	271	20
272	G	272	21
273	T	273	22
274	K	274	23
275	S	275	24
276	Y	276	25
277	V	277	26
278	P	278	27
279	Y	279	28
280	R	280	29
281	D	281	30
282	S	282	31
283	K	283	32
284	M	284	33
285	T	285	34
286	R	286	35
287	I	287	36
288	L	288	37
289	Q	289	38
290	D	290	39
291	S	291	40
292	L	292	41
293	G	293	42
294	G	294	43
295	N	295	44
296	C	296	45
297	R	297	46
298	T	298	47
299	T	299	48
300	M	300	49
301	F	301	50
302	I	302	51
303	C	303	52
304	C	304	53
305	S	305	54
306	P	306	55
307	S	307	56
308	S	308	57
309	Y	309	58
310	N	310	59
311	D	311	60
312	A	312	61
313	E	313	62
314	T	314	63
315	K	315	64
316	S	316	65
317	T	317	66
318	L	318	67
319	M	319	68
320	F	320	69
321	G	321	70
322	Q	322	71
323	R	323	72
324	A	324	73
325	K	325	74
326	T	326	75
327	I	327	76
328	K	328	77
329	N	329	78
330	T	330	79
331	A	331	80
332	S	332	81
333	V	333	82
334	N	334	83
335	L	335	84
336	E	336	85
337	L	337	86
338	T	338	87
339	A	339	88
340	E	340	89
341	Q	341	90
342	W	342	91
343	K	343	92
344	K	344	93
345	K	345	94
346	Y	346	95
347	E	347	96
348	K	348	97
349	E	349	98
350	K	350	99
351	E	351	100
