UNIPROT_SEQ_NUM	UNIPROT	PDBResNumAuthor	PDBResNumCIF
5	D	5	5
6	R	6	6
7	G	7	7
8	V	8	8
9	Q	9	9
10	M	10	10
11	L	11	11
12	L	12	12
13	T	13	13
14	T	14	14
15	V	15	15
16	G	16	16
17	A	17	17
18	F	18	18
19	A	19	19
20	A	20	20
21	F	21	21
22	S	22	22
23	L	23	23
24	M	24	24
25	T	25	25
26	I	26	26
27	A	27	27
28	V	28	28
29	G	29	29
30	T	30	30
31	D	31	31
32	Y	32	32
33	W	33	33
34	L	34	34
35	Y	35	35
36	S	36	36
37	R	37	37
38	G	38	38
39	V	39	39
40	C	40	40
41	K	41	41
42	T	42	42
55	E	55	55
56	E	56	56
57	V	57	57
58	M	58	58
59	T	59	59
60	H	60	60
61	S	61	61
62	G	62	62
63	L	63	63
64	W	64	64
65	R	65	65
66	T	66	66
67	C	67	67
68	C	68	68
69	L	69	69
70	E	70	70
71	G	71	71
72	N	72	72
73	F	73	73
74	K	74	74
75	G	75	75
76	L	76	76
77	C	77	77
78	K	78	78
79	Q	79	79
80	I	80	80
81	D	81	81
82	H	82	82
83	F	83	83
84	P	84	84
92	D	92	92
93	T	93	93
94	A	94	94
95	E	95	95
96	Y	96	96
97	F	97	97
98	L	98	98
99	R	99	99
100	A	100	100
101	V	101	101
102	R	102	102
103	A	103	103
104	S	104	104
105	S	105	105
106	I	106	106
107	F	107	107
108	P	108	108
109	I	109	109
110	L	110	110
111	S	111	111
112	V	112	112
113	I	113	113
114	L	114	114
115	L	115	115
116	F	116	116
117	M	117	117
118	G	118	118
119	G	119	119
120	L	120	120
121	C	121	121
122	I	122	122
123	A	123	123
124	A	124	124
125	S	125	125
126	E	126	126
127	F	127	127
128	Y	128	128
129	K	129	129
130	T	130	130
131	R	131	131
132	H	132	132
133	N	133	133
134	I	134	134
135	I	135	135
136	L	136	136
137	S	137	137
138	A	138	138
139	G	139	139
140	I	140	140
141	F	141	141
142	F	142	142
143	V	143	143
144	S	144	144
145	A	145	145
146	G	146	146
147	L	147	147
148	S	148	148
149	N	149	149
150	I	150	150
151	I	151	151
152	G	152	152
153	I	153	153
154	I	154	154
155	V	155	155
156	Y	156	156
157	I	157	157
158	S	158	158
159	A	159	159
160	N	160	160
161	A	161	161
162	G	162	162
173	S	173	173
174	Y	174	174
175	S	175	175
176	Y	176	176
177	G	177	177
178	W	178	178
179	S	179	179
180	F	180	180
181	Y	181	181
182	F	182	182
183	G	183	183
184	A	184	184
185	L	185	185
186	S	186	186
187	F	187	187
188	I	188	188
189	I	189	189
190	A	190	190
191	E	191	191
192	M	192	192
193	V	193	193
194	G	194	194
195	V	195	195
196	L	196	196
197	A	197	197
198	V	198	198
199	H	199	199
200	M	200	200
201	F	201	201
202	I	202	202
203	D	203	203
204	R	204	204
205	H	205	205
206	K	206	206
207	Q	207	207
208	L	208	208
209	R	209	209
210	A	210	210
