UNIPROT_SEQ_NUM	UNIPROT	PDBResNumAuthor	PDBResNumCIF
39	P	39	7
40	R	40	8
41	V	41	9
42	V	42	10
43	R	43	11
44	I	44	12
45	V	45	13
46	K	46	14
47	S	47	15
48	E	48	16
49	S	49	17
50	G	50	18
51	Y	51	19
52	G	52	20
53	F	53	21
54	N	54	22
55	V	55	23
56	R	56	24
57	G	57	25
58	Q	58	26
59	V	59	27
60	S	60	28
61	E	61	29
62	G	62	30
63	G	63	31
64	Q	64	32
65	L	65	33
66	R	66	34
67	S	67	35
68	I	68	36
69	N	69	37
70	G	70	38
71	E	71	39
72	L	72	40
73	Y	73	41
74	A	74	42
75	P	75	43
76	L	76	44
77	Q	77	45
78	H	78	46
79	V	79	47
80	S	80	48
81	A	81	49
82	V	82	50
83	L	83	51
84	P	84	52
85	G	85	53
86	G	86	54
87	A	87	55
88	A	88	56
89	D	89	57
90	R	90	58
91	A	91	59
92	G	92	60
93	V	93	61
94	R	94	62
95	K	95	63
96	G	96	64
97	D	97	65
98	R	98	66
99	I	99	67
100	L	100	68
101	E	101	69
102	V	102	70
103	N	103	71
104	G	104	72
105	V	105	73
106	N	106	74
107	V	107	75
108	E	108	76
109	G	109	77
110	A	110	78
111	T	111	79
112	H	112	80
113	K	113	81
114	Q	114	82
115	V	115	83
116	V	116	84
117	D	117	85
118	L	118	86
119	I	119	87
120	R	120	88
121	A	121	89
122	G	122	90
123	E	123	91
124	K	124	92
125	E	125	93
126	L	126	94
127	I	127	95
128	L	128	96
129	T	129	97
130	V	130	98
131	L	131	99
132	S	132	100
133	V	133	101
