UNIPROT_SEQ_NUM	UNIPROT	PDBResNumAuthor	PDBResNumCIF
50	L	39	6
51	E	40	7
52	Q	41	8
53	L	42	9
54	E	43	10
55	A	44	11
56	Q	45	12
57	T	46	13
58	N	47	14
59	F	48	15
60	T	49	16
61	K	50	17
62	R	51	18
63	E	52	19
64	L	53	20
65	Q	54	21
66	V	55	22
67	L	56	23
68	Y	57	24
69	R	58	25
70	G	59	26
71	F	60	27
72	K	61	28
73	N	62	29
74	E	63	30
75	C	64	-
76	P	65	32
77	S	66	33
78	G	67	34
79	V	68	35
80	V	69	36
81	N	70	37
82	E	71	38
83	E	72	39
84	T	73	40
85	F	74	41
86	K	75	42
87	Q	76	43
88	I	77	44
89	Y	78	45
90	A	79	46
91	Q	80	47
92	F	81	48
93	F	82	49
94	P	83	50
95	H	84	51
96	G	85	52
97	D	86	53
98	A	87	54
99	S	88	55
100	T	89	56
101	Y	90	57
102	A	91	58
103	H	92	59
104	Y	93	60
105	L	94	61
106	F	95	62
107	N	96	63
108	A	97	64
109	F	98	65
110	D	99	66
111	T	100	67
112	T	101	68
113	Q	102	69
114	T	103	70
115	G	104	71
116	S	105	72
117	V	106	73
118	K	107	74
119	F	108	75
120	E	109	76
121	D	110	77
122	F	111	78
123	V	112	79
124	T	113	80
125	A	114	81
126	L	115	82
127	S	116	83
128	I	117	84
129	L	118	85
130	L	119	86
131	R	120	87
132	G	121	88
133	T	122	89
134	V	123	90
135	H	124	91
136	E	125	92
137	K	126	93
138	L	127	94
139	R	128	95
140	W	129	96
141	T	130	97
142	F	131	98
143	N	132	99
144	L	133	100
145	Y	134	101
146	D	135	102
147	I	136	103
148	N	137	104
149	K	138	105
150	D	139	106
151	G	140	107
152	Y	141	108
153	I	142	109
154	N	143	110
155	K	144	111
156	E	145	112
157	E	146	113
158	M	147	114
159	M	148	115
160	D	149	116
161	I	150	117
162	V	151	118
163	K	152	119
164	A	153	120
165	I	154	121
166	Y	155	122
167	D	156	123
168	M	157	124
169	M	158	125
170	G	159	126
182	P	171	138
183	R	172	139
184	Q	173	140
185	H	174	141
186	V	175	142
187	D	176	143
188	V	177	144
189	F	178	145
190	F	179	146
191	Q	180	147
192	K	181	148
193	M	182	149
194	D	183	150
195	K	184	151
196	N	185	152
197	K	186	153
198	D	187	154
199	G	188	155
200	I	189	156
201	V	190	157
202	T	191	158
203	L	192	159
204	D	193	160
205	E	194	161
206	F	195	162
207	L	196	163
208	E	197	164
209	S	198	165
210	C	199	-
211	Q	200	167
212	E	201	168
213	D	202	169
214	D	203	170
215	N	204	171
216	I	205	172
217	M	206	173
218	R	207	174
219	S	208	175
220	L	209	176
221	Q	210	177
222	L	211	178
223	F	212	179
224	Q	213	180
225	N	214	181
226	V	215	182
227	M	216	183
