UNIPROT_SEQ_NUM	UNIPROT	PDBResNumAuthor	PDBResNumCIF
5	D	5	4
6	R	6	5
7	G	7	6
8	I	8	7
9	Q	9	8
10	M	10	9
11	L	11	10
12	I	12	11
13	T	13	12
14	T	14	13
15	V	15	14
16	G	16	15
17	A	17	16
18	F	18	17
19	A	19	18
20	A	20	19
21	F	21	20
22	S	22	21
23	L	23	22
24	M	24	23
25	T	25	24
26	I	26	25
27	A	27	26
28	V	28	27
29	G	29	28
30	T	30	29
31	D	31	30
32	Y	32	31
33	W	33	32
34	L	34	33
35	Y	35	34
36	S	36	35
37	R	37	36
38	G	38	37
39	V	39	38
40	C	40	39
41	R	41	40
56	E	56	55
57	V	57	56
58	M	58	57
59	T	59	58
60	H	60	59
61	S	61	60
62	G	62	61
63	L	63	62
64	W	64	63
65	R	65	64
66	T	66	65
67	C	67	66
68	C	68	67
69	L	69	68
70	E	70	69
71	G	71	70
72	A	72	71
73	F	73	72
74	R	74	73
75	G	75	74
76	V	76	75
77	C	77	76
78	K	78	77
79	K	79	78
80	I	80	79
81	D	81	80
82	H	82	81
83	F	83	82
84	P	84	83
92	D	92	91
93	T	93	92
94	A	94	93
95	E	95	94
96	Y	96	95
97	L	97	96
98	L	98	97
99	R	99	98
100	A	100	99
101	V	101	100
102	R	102	101
103	A	103	102
104	S	104	103
105	S	105	104
106	V	106	105
107	F	107	106
108	P	108	107
109	I	109	108
110	L	110	109
111	S	111	110
112	V	112	111
113	T	113	112
114	L	114	113
115	L	115	114
116	F	116	115
117	F	117	116
118	G	118	117
119	G	119	118
120	L	120	119
121	C	121	120
122	V	122	121
123	A	123	122
124	A	124	123
125	S	125	124
126	E	126	125
127	F	127	126
128	H	128	127
129	R	129	128
130	S	130	129
131	R	131	130
132	H	132	131
133	S	133	132
134	V	134	133
135	I	135	134
136	L	136	135
137	S	137	136
138	A	138	137
139	G	139	138
140	I	140	139
141	F	141	140
142	F	142	141
143	V	143	142
144	S	144	143
145	A	145	144
146	G	146	145
147	L	147	146
148	S	148	147
149	N	149	148
150	I	150	149
151	I	151	150
152	G	152	151
153	I	153	152
154	I	154	153
155	V	155	154
156	Y	156	155
157	I	157	156
158	S	158	157
159	A	159	158
160	N	160	159
161	A	161	160
172	S	172	171
173	Y	173	172
174	S	174	173
175	Y	175	174
176	G	176	175
177	W	177	176
178	S	178	177
179	F	179	178
180	Y	180	179
181	F	181	180
182	G	182	181
183	A	183	182
184	F	184	183
185	S	185	184
186	F	186	185
187	I	187	186
188	I	188	187
189	A	189	188
190	E	190	189
191	I	191	190
192	V	192	191
193	G	193	192
194	V	194	193
195	V	195	194
196	A	196	195
197	V	197	196
198	H	198	197
199	I	199	198
200	Y	200	199
201	I	201	200
202	E	202	201
203	K	203	202
204	H	204	203
205	Q	205	204
206	Q	206	205
207	L	207	206
208	R	208	207
209	A	209	208
