UNIPROT_SEQ_NUM	UNIPROT	PDBResNumAuthor	PDBResNumCIF
16	E	16	16
17	K	17	17
18	G	18	18
19	V	19	19
20	Q	20	20
21	V	21	21
22	L	22	22
23	L	23	23
24	T	24	24
25	T	25	25
26	I	26	26
27	G	27	27
28	A	28	28
29	F	29	29
30	A	30	30
31	A	31	31
32	F	32	32
33	G	33	33
34	L	34	34
35	M	35	35
36	T	36	36
37	I	37	37
38	A	38	38
39	I	39	39
40	S	40	40
41	T	41	41
42	D	42	42
43	Y	43	43
44	W	44	44
45	L	45	45
46	Y	46	46
47	T	47	47
48	R	48	48
49	A	49	49
50	L	50	50
51	I	51	51
52	C	52	52
53	N	53	53
77	D	77	77
78	P	78	78
79	G	79	79
80	G	80	80
81	L	81	81
82	T	82	82
83	H	83	83
84	S	84	84
85	G	85	85
86	L	86	86
87	W	87	87
88	R	88	88
89	I	89	89
90	C	90	90
91	C	91	91
92	L	92	92
93	E	93	93
94	G	94	94
95	L	95	95
96	K	96	96
97	R	97	97
98	G	98	98
99	V	99	99
100	C	100	100
101	V	101	101
102	K	102	102
103	I	103	103
104	N	104	104
105	H	105	105
106	F	106	106
107	P	107	107
108	E	108	108
109	D	109	109
110	T	110	110
111	D	111	111
112	Y	112	112
113	D	113	113
114	H	114	114
115	D	115	115
116	S	116	116
117	A	117	117
118	E	118	118
119	Y	119	119
120	L	120	120
121	L	121	121
122	R	122	122
123	V	123	123
124	V	124	124
125	R	125	125
126	A	126	126
127	S	127	127
128	S	128	128
129	I	129	129
130	F	130	130
131	P	131	131
132	I	132	132
133	L	133	133
134	S	134	134
135	A	135	135
136	I	136	136
137	L	137	137
138	L	138	138
139	L	139	139
140	L	140	140
141	G	141	141
142	G	142	142
143	V	143	143
144	C	144	144
145	V	145	145
146	A	146	146
147	A	147	147
148	S	148	148
149	R	149	149
150	V	150	150
151	Y	151	151
152	K	152	152
153	S	153	153
154	K	154	154
155	R	155	155
156	N	156	156
157	I	157	157
158	I	158	158
159	L	159	159
160	G	160	160
161	A	161	161
162	G	162	162
163	I	163	163
164	L	164	164
165	F	165	165
166	V	166	166
167	A	167	167
168	A	168	168
169	G	169	169
170	L	170	170
171	S	171	171
172	N	172	172
173	I	173	173
174	I	174	174
175	G	175	175
176	V	176	176
177	I	177	177
178	V	178	178
179	Y	179	179
180	I	180	180
181	S	181	181
182	A	182	182
183	N	183	183
184	A	184	184
185	G	185	185
186	E	186	186
196	K	196	196
197	N	197	197
198	H	198	198
199	Y	199	199
200	S	200	200
201	Y	201	201
202	G	202	202
203	W	203	203
204	S	204	204
205	F	205	205
206	Y	206	206
207	F	207	207
208	G	208	208
209	G	209	209
210	L	210	210
211	S	211	211
212	F	212	212
213	I	213	213
214	L	214	214
215	A	215	215
216	E	216	216
217	V	217	217
218	I	218	218
219	G	219	219
220	V	220	220
221	L	221	221
222	A	222	222
223	V	223	223
224	N	224	224
225	I	225	225
226	Y	226	226
227	I	227	227
228	E	228	228
229	R	229	229
230	S	230	230
231	R	231	231
232	E	232	232
233	A	233	233
234	H	234	234
