UNIPROT_SEQ_NUM	UNIPROT	PDBResNumAuthor	PDBResNumCIF
5	G	833	824
6	R	834	825
7	K	835	826
8	A	836	827
9	L	837	828
10	T	838	829
11	L	839	830
12	L	840	831
13	S	841	832
14	S	842	833
15	V	843	834
16	F	844	835
17	A	845	836
18	V	846	837
19	C	847	838
20	G	848	839
21	L	849	840
22	G	850	841
23	L	851	842
24	L	852	843
25	G	853	844
26	I	854	845
27	A	855	846
28	V	856	847
29	S	857	848
30	T	858	849
31	D	859	850
32	Y	860	851
33	W	861	852
34	L	862	853
35	Y	863	854
36	L	864	855
37	E	865	856
38	E	866	857
39	G	867	858
40	I	868	859
41	I	869	860
42	L	870	861
43	P	871	862
44	Q	872	863
45	N	873	864
46	Q	874	865
47	S	875	866
48	T	876	867
49	E	877	868
50	V	878	869
51	K	879	870
52	M	880	871
53	S	881	872
54	L	882	873
55	H	883	874
56	S	884	875
57	G	885	876
58	L	886	877
59	W	887	878
60	R	888	879
61	V	889	880
62	C	890	881
63	F	891	882
64	L	892	883
65	A	893	884
66	G	894	885
67	E	895	886
68	E	896	887
69	R	897	888
70	G	898	889
71	R	899	890
72	C	900	891
73	F	901	892
74	T	902	893
75	I	903	894
76	E	904	895
77	Y	905	896
78	V	906	897
79	M	907	898
91	V	919	910
92	N	920	911
93	V	921	912
94	L	922	913
95	K	923	914
96	M	924	915
97	I	925	916
98	R	926	917
99	S	927	918
100	A	928	919
101	T	929	920
102	P	930	921
103	F	931	922
104	P	932	923
105	L	933	924
106	V	934	925
107	S	935	926
108	L	936	927
109	F	937	928
110	F	938	929
111	M	939	930
112	F	940	931
113	I	941	932
114	G	942	933
115	F	943	934
116	I	944	935
117	L	945	936
118	S	946	937
119	N	947	938
120	I	948	939
121	G	949	940
122	H	950	941
123	I	951	942
124	R	952	943
125	P	953	944
126	H	954	945
127	R	955	946
128	T	956	947
129	I	957	948
130	L	958	949
131	A	959	950
132	F	960	951
133	V	961	952
134	S	962	953
135	G	963	954
136	I	964	955
137	F	965	956
138	F	966	957
139	I	967	958
140	L	968	959
141	S	969	960
142	G	970	961
143	L	971	962
144	S	972	963
145	L	973	964
146	V	974	965
147	V	975	966
148	G	976	967
149	L	977	968
150	V	978	969
151	L	979	970
152	Y	980	971
153	I	981	972
154	S	982	973
155	S	983	974
156	I	984	975
157	N	985	976
158	D	986	977
159	E	987	978
160	M	988	979
161	L	989	980
162	N	990	981
163	R	991	982
164	T	992	983
165	K	993	984
166	D	994	985
167	A	995	986
168	E	996	987
169	T	997	988
170	Y	998	989
171	F	999	990
172	N	1000	991
173	Y	1001	992
174	K	1002	993
175	Y	1003	994
176	G	1004	995
177	W	1005	996
178	S	1006	997
179	F	1007	998
180	A	1008	999
181	F	1009	1000
182	A	1010	1001
183	A	1011	1002
184	I	1012	1003
185	S	1013	1004
186	F	1014	1005
187	L	1015	1006
188	L	1016	1007
189	T	1017	1008
190	E	1018	1009
191	S	1019	1010
192	A	1020	1011
193	G	1021	1012
194	V	1022	1013
195	M	1023	1014
196	S	1024	1015
197	V	1025	1016
198	Y	1026	1017
199	L	1027	1018
200	F	1028	1019
201	M	1029	1020
202	K	1030	1021
203	R	1031	1022
204	Y	1032	1023
205	T	1033	1024
206	A	1034	1025
