UNIPROT_SEQ_NUM	UNIPROT	PDBResNumAuthor	PDBResNumCIF
44	T	1	44
45	T	2	45
46	I	3	46
47	A	4	47
48	G	5	48
49	V	6	49
50	V	7	50
51	Y	8	51
52	K	9	52
53	D	10	53
54	G	11	54
55	I	12	55
56	V	13	56
57	L	14	57
58	G	15	58
59	A	16	59
60	D	17	60
61	T	18	61
62	R	19	62
63	A	20	63
64	T	21	64
65	E	22	65
66	G	23	66
67	M	24	67
68	V	25	68
69	V	26	69
70	A	27	70
71	D	28	71
72	K	29	72
73	N	30	73
74	C	31	74
75	S	32	75
76	K	33	76
77	I	34	77
78	H	35	78
79	F	36	79
80	I	37	80
81	S	38	81
82	P	39	82
83	N	40	83
84	I	41	84
85	Y	42	85
86	C	43	86
87	C	44	87
88	G	45	88
89	A	46	89
90	G	47	90
91	T	48	91
92	A	49	92
93	A	50	93
94	D	51	94
95	T	52	95
96	D	53	96
97	M	54	97
98	T	55	98
99	T	56	99
100	Q	57	100
101	L	58	101
102	I	59	102
103	S	60	103
104	S	61	104
105	N	62	105
106	L	63	106
107	E	64	107
108	L	65	108
109	H	66	109
110	S	67	110
111	L	68	111
112	T	69	112
113	T	70	113
114	G	71	114
115	R	72	115
116	L	73	116
117	P	74	117
118	R	75	118
119	V	76	119
120	V	77	120
121	T	78	121
122	A	79	122
123	N	80	123
124	R	81	124
125	M	82	125
126	L	83	126
127	K	84	127
128	Q	85	128
129	M	86	129
130	L	87	130
131	F	88	131
132	R	89	132
133	Y	90	133
134	Q	91	134
135	G	92	135
136	Y	93	136
137	I	94	137
138	G	95	138
139	A	96	139
140	A	97	140
141	L	98	141
142	V	99	142
143	L	100	143
144	G	101	144
145	G	102	145
146	V	103	146
147	D	104	147
148	V	105	148
149	T	106	149
150	G	107	150
151	P	108	151
152	H	109	152
153	L	110	153
154	Y	111	154
155	S	112	155
156	I	113	156
157	Y	114	157
158	P	115	158
159	H	116	159
160	G	117	160
161	S	118	161
162	T	119	162
163	D	120	163
164	K	121	164
165	L	122	165
166	P	123	166
167	Y	124	167
168	V	125	168
169	T	126	169
170	M	127	170
171	G	128	171
172	S	129	172
173	G	130	173
174	S	131	174
175	L	132	175
176	A	133	176
177	A	134	177
178	M	135	178
179	A	136	179
180	V	137	180
181	F	138	181
182	E	139	182
183	D	140	183
184	K	141	184
185	F	142	185
186	R	143	186
187	P	144	187
188	D	145	188
189	M	146	189
190	E	147	190
191	E	148	191
192	E	149	192
193	E	150	193
194	A	151	194
195	K	152	195
196	K	153	196
197	L	154	197
198	V	155	198
199	S	156	199
200	E	157	200
201	A	158	201
202	I	159	202
203	A	160	203
204	A	161	204
205	G	162	205
206	I	163	206
207	F	164	207
208	N	165	208
209	D	166	209
210	L	167	210
211	G	168	211
212	S	169	212
213	G	170	213
214	S	171	214
215	N	172	215
216	I	173	216
217	D	174	217
218	L	175	218
219	C	176	219
220	V	177	220
221	I	178	221
222	S	179	222
223	K	180	223
224	S	181	224
225	K	182	225
226	L	183	226
227	D	184	227
228	F	185	228
229	L	186	229
230	R	187	230
231	P	188	231
232	Y	189	232
233	S	190	233
234	V	191	234
235	P	192	235
236	N	193	236
237	K	194	237
238	K	195	238
239	G	196	239
240	T	197	240
