UNIPROT_SEQ_NUM	UNIPROT	PDBResNumAuthor	PDBResNumCIF
122	R	115	4
123	A	116	5
124	H	117	6
125	L	118	7
126	L	119	8
127	D	120	9
128	N	121	10
129	T	122	11
130	E	123	12
131	R	124	13
132	L	125	14
133	E	126	15
134	R	127	16
135	S	128	17
136	S	129	18
137	R	130	19
138	R	131	20
139	L	132	21
140	E	133	22
141	A	134	23
142	G	135	24
143	Y	136	25
144	Q	137	26
145	I	138	27
146	A	139	28
147	V	140	29
148	E	141	30
149	T	142	31
150	E	143	32
151	Q	144	33
152	I	145	34
153	G	146	35
154	Q	147	36
155	E	148	37
156	M	149	38
157	L	150	39
158	E	151	40
159	N	152	41
160	L	153	42
161	S	154	43
162	H	155	44
163	D	156	45
164	R	157	46
165	E	158	47
166	R	159	48
167	I	160	49
168	Q	161	50
169	R	162	51
170	A	163	52
171	R	164	53
172	E	165	54
173	R	166	55
174	L	167	56
175	R	168	57
176	E	169	58
177	T	170	59
178	D	171	60
179	A	172	61
180	N	173	62
181	L	174	63
182	G	175	64
183	K	176	65
184	S	177	66
185	S	178	67
186	R	179	68
187	I	180	69
188	L	181	70
189	T	182	71
190	G	183	72
191	M	184	73
192	L	185	74
193	R	186	75
194	R	187	76
195	I	188	77
196	I	189	78
197	Q	190	79
