UNIPROT_SEQ_NUM	UNIPROT	PDBResNumAuthor	PDBResNumCIF
89	A	89	9
90	P	90	10
91	T	91	11
92	C	92	12
93	G	93	13
94	I	94	14
95	C	95	15
96	H	96	16
97	K	97	17
98	T	98	18
99	K	99	19
100	F	100	20
101	A	101	21
102	D	102	22
103	G	103	23
104	C	104	24
105	G	105	25
106	H	106	26
107	N	107	27
108	C	108	28
109	S	109	29
110	Y	110	30
111	C	111	31
112	Q	112	32
113	T	113	33
114	K	114	34
115	F	115	35
116	C	116	36
117	A	117	37
118	R	118	38
119	C	119	39
120	G	120	40
121	G	121	41
122	R	122	42
123	V	123	43
124	S	124	44
125	L	125	45
126	R	126	46
127	S	127	47
128	N	128	48
129	K	129	49
130	V	130	50
131	M	131	51
132	W	132	52
133	V	133	53
134	C	134	54
135	N	135	55
136	L	136	56
137	C	137	57
138	R	138	58
139	K	139	59
140	Q	140	60
141	Q	141	61
142	E	142	62
