UNIPROT_SEQ_NUM	UNIPROT	PDBResNumAuthor	PDBResNumCIF
112	Q	112	13
113	G	113	14
114	I	114	15
115	R	115	16
116	E	116	17
117	V	117	18
118	I	118	19
119	L	119	20
120	C	120	21
121	K	121	22
122	D	122	23
123	Q	123	24
124	D	124	25
125	G	125	26
126	K	126	27
127	I	127	28
128	G	128	29
129	L	129	30
130	R	130	31
131	L	131	32
132	K	132	33
133	S	133	34
134	V	134	35
135	D	135	36
136	N	136	37
137	G	137	38
138	I	138	39
139	F	139	40
140	V	140	41
141	Q	141	42
142	L	142	43
143	V	143	44
144	Q	144	45
145	A	145	46
146	N	146	47
147	S	147	48
148	P	148	49
149	A	149	50
150	S	150	51
151	L	151	52
152	V	152	53
153	G	153	54
154	L	154	55
155	R	155	56
156	F	156	57
157	G	157	58
158	D	158	59
159	Q	159	60
160	V	160	61
161	L	161	62
162	Q	162	63
163	I	163	64
164	N	164	65
165	G	165	66
166	E	166	67
167	N	167	68
168	C	168	69
169	A	169	70
170	G	170	71
171	W	171	72
172	S	172	73
173	S	173	74
174	D	174	75
175	K	175	76
176	A	176	77
177	H	177	78
178	K	178	79
179	V	179	80
180	L	180	81
181	K	181	82
182	Q	182	83
183	A	183	84
184	F	184	85
187	K	187	88
188	I	188	89
189	T	189	90
190	M	190	91
191	T	191	92
192	I	192	93
193	R	193	94
194	D	194	95
195	R	195	96
196	P	196	97
197	F	197	98
198	E	198	99
199	R	199	100
200	T	200	101
201	V	201	102
202	T	202	103
203	M	203	104
204	H	204	105
205	K	205	106
206	D	206	107
207	S	207	108
208	S	208	109
209	G	209	110
210	H	210	111
211	V	211	112
212	G	212	113
213	F	213	114
214	I	214	115
215	F	215	116
216	K	216	117
217	S	217	118
218	G	218	119
219	K	219	120
220	I	220	121
221	T	221	122
222	S	222	123
223	I	223	124
224	V	224	125
225	K	225	126
226	D	226	127
227	S	227	128
228	S	228	129
229	A	229	130
230	A	230	131
231	R	231	132
232	N	232	133
233	G	233	134
234	L	234	135
235	L	235	136
236	T	236	137
237	D	237	138
238	H	238	139
239	H	239	140
240	I	240	141
241	C	241	142
242	E	242	143
243	I	243	144
244	N	244	145
245	G	245	146
246	Q	246	147
247	N	247	148
248	V	248	149
249	I	249	150
250	G	250	151
251	L	251	152
252	K	252	153
253	D	253	154
254	A	254	155
255	Q	255	156
256	I	256	157
257	A	257	158
258	D	258	159
259	I	259	160
260	L	260	161
261	S	261	162
262	T	262	163
263	A	263	164
264	G	264	165
265	T	265	166
266	V	266	167
267	V	267	168
268	T	268	169
269	I	269	170
270	T	270	171
271	I	271	172
272	M	272	173
273	P	273	174
274	A	274	175
275	F	275	176
276	I	276	177
277	F	277	178
278	E	278	179
279	H	279	180
280	I	280	181
281	I	281	182
