UNIPROT_SEQ_NUM	UNIPROT	PDBResNumAuthor	PDBResNumCIF
570	V	580	2
571	A	581	3
572	I	582	4
573	L	583	5
574	Q	584	6
575	K	585	7
576	R	586	8
577	D	587	9
578	H	588	10
579	E	589	11
580	G	590	12
581	F	591	13
582	G	592	14
583	F	593	15
584	V	594	16
585	L	595	17
586	R	596	18
587	G	597	19
588	A	598	20
589	K	599	21
590	A	600	22
591	E	601	23
592	T	602	24
593	P	603	25
594	I	604	26
595	E	605	27
596	E	606	28
597	F	607	29
598	T	608	30
599	P	609	31
600	T	610	32
601	P	611	33
602	A	612	34
603	F	613	35
604	P	614	36
605	A	615	37
606	L	616	38
607	Q	617	39
608	Y	618	40
609	L	619	41
610	E	620	42
611	S	621	43
612	V	622	44
613	D	623	45
614	V	624	46
615	E	625	47
616	G	626	48
617	V	627	49
618	A	628	50
619	W	629	51
620	K	630	52
621	A	631	53
622	G	632	54
623	L	633	55
624	R	634	56
625	T	635	57
626	G	636	58
627	D	637	59
628	F	638	60
629	L	639	61
630	I	640	62
631	E	641	63
632	V	642	64
633	N	643	65
634	G	644	66
635	V	645	67
636	N	646	68
637	V	647	69
638	V	648	70
639	K	649	71
640	V	650	72
641	G	651	73
642	H	652	74
643	K	653	75
644	Q	654	76
645	V	655	77
646	V	656	78
647	G	657	79
648	L	658	80
649	I	659	81
650	R	660	82
651	Q	661	83
652	G	662	84
653	G	663	85
654	N	664	86
655	R	665	87
656	L	666	88
657	V	667	89
658	M	668	90
659	K	669	91
660	V	670	92
661	V	671	93
662	S	672	94
663	V	673	95
664	T	674	96
