UNIPROT_SEQ_NUM	UNIPROT	PDBResNumAuthor	PDBResNumCIF
570	V	580	29
571	A	581	30
572	I	582	31
573	L	583	32
574	Q	584	33
575	K	585	34
576	R	586	35
577	D	587	36
578	H	588	37
579	E	589	38
580	G	590	39
581	F	591	40
582	G	592	41
583	F	593	42
584	V	594	43
585	L	595	44
586	R	596	45
587	G	597	46
588	A	598	47
589	K	599	48
590	A	600	49
591	E	601	50
592	T	602	51
593	P	603	52
594	I	604	53
595	E	605	54
596	E	606	55
597	F	607	56
598	T	608	57
599	P	609	58
600	T	610	59
601	P	611	60
602	A	612	61
603	F	613	62
604	P	614	63
605	A	615	64
606	L	616	65
607	Q	617	66
608	Y	618	67
609	L	619	68
610	E	620	69
611	S	621	70
612	V	622	71
613	D	623	72
614	V	624	73
615	E	625	74
616	G	626	75
617	V	627	76
618	A	628	77
619	W	629	78
620	K	630	79
621	A	631	80
622	G	632	81
623	L	633	82
624	R	634	83
625	T	635	84
626	G	636	85
627	D	637	86
628	F	638	87
629	L	639	88
630	I	640	89
631	E	641	90
632	V	642	91
633	N	643	92
634	G	644	93
635	V	645	94
636	N	646	95
637	V	647	96
638	V	648	97
639	K	649	98
640	V	650	99
641	G	651	100
642	H	652	101
643	K	653	102
644	Q	654	103
645	V	655	104
646	V	656	105
647	G	657	106
648	L	658	107
649	I	659	108
650	R	660	109
651	Q	661	110
652	G	662	111
653	G	663	112
654	N	664	113
655	R	665	114
656	L	666	115
657	V	667	116
658	M	668	117
659	K	669	118
660	V	670	119
661	V	671	120
662	S	672	121
663	V	673	122
664	T	674	123
