UNIPROT_SEQ_NUM	UNIPROT	PDBResNumAuthor	PDBResNumCIF
570	V	645	2
571	A	646	3
572	I	647	4
573	L	648	5
574	Q	649	6
575	K	650	7
576	R	651	8
577	D	652	9
578	H	653	10
579	E	654	11
580	G	655	12
581	F	656	13
582	G	657	14
583	F	658	15
584	V	659	16
585	L	660	17
586	R	661	18
587	G	662	19
588	A	663	20
589	K	664	21
590	A	665	22
591	E	666	23
599	P	674	31
600	T	675	32
601	P	676	33
602	A	677	34
603	F	678	35
604	P	679	36
605	A	680	37
606	L	681	38
607	Q	682	39
608	Y	683	40
609	L	684	41
610	E	685	42
611	S	686	43
612	V	687	44
613	D	688	45
614	V	689	46
615	E	690	47
616	G	691	48
617	V	692	49
618	A	693	50
619	W	694	51
620	K	695	52
621	A	696	53
622	G	697	54
623	L	698	55
624	R	699	56
625	T	700	57
626	G	701	58
627	D	702	59
628	F	703	60
629	L	704	61
630	I	705	62
631	E	706	63
632	V	707	64
633	N	708	65
634	G	709	66
635	V	710	67
636	N	711	68
637	V	712	69
638	V	713	70
639	K	714	71
640	V	715	72
641	G	716	73
642	H	717	74
643	K	718	75
644	Q	719	76
645	V	720	77
646	V	721	78
647	G	722	79
648	L	723	80
649	I	724	81
650	R	725	82
651	Q	726	83
652	G	727	84
653	G	728	85
654	N	729	86
655	R	730	87
656	L	731	88
657	V	732	89
658	M	733	90
659	K	734	91
660	V	735	92
661	V	736	93
662	S	737	94
663	V	738	95
664	T	739	96
