UNIPROT_SEQ_NUM	UNIPROT	PDBResNumAuthor	PDBResNumCIF
404	Y	404	9
405	C	405	10
406	S	406	11
407	Q	407	12
408	G	408	13
409	C	409	14
410	T	410	15
411	N	411	16
412	S	412	17
416	F	416	21
417	Q	417	22
418	C	418	23
419	W	419	24
420	C	420	25
421	E	421	26
422	A	422	27
423	G	423	28
424	Y	424	29
425	E	425	30
426	L	426	31
427	R	427	32
428	P	428	33
429	D	429	34
430	R	430	35
431	R	431	36
432	S	432	37
433	C	433	38
434	K	434	39
435	A	435	40
436	L	436	41
437	G	437	42
438	P	438	43
439	E	439	44
440	P	440	45
441	V	441	46
442	L	442	47
443	L	443	48
444	F	444	49
445	A	445	50
446	N	446	51
447	R	447	52
448	I	448	53
449	D	449	54
450	I	450	55
451	R	451	56
452	Q	452	57
453	V	453	58
454	L	454	59
455	P	455	60
456	H	456	61
457	R	457	62
458	S	458	63
459	E	459	64
460	Y	460	65
461	T	461	66
462	L	462	67
463	L	463	68
464	L	464	69
465	N	465	70
466	N	466	71
467	L	467	72
468	E	468	73
469	N	469	74
470	A	470	75
471	I	471	76
472	A	472	77
473	L	473	78
474	D	474	79
475	F	475	80
476	H	476	81
477	H	477	82
478	R	478	83
479	R	479	84
480	E	480	85
481	L	481	86
482	V	482	87
483	F	483	88
484	W	484	89
485	S	485	90
486	D	486	91
487	V	487	92
488	T	488	93
489	L	489	94
490	D	490	95
491	R	491	96
492	I	492	97
493	L	493	98
494	R	494	99
495	A	495	100
496	N	496	101
497	L	497	102
498	N	498	103
499	G	499	104
500	S	500	105
501	N	501	106
502	V	502	107
503	E	503	108
504	E	504	109
505	V	505	110
506	V	506	111
507	S	507	112
508	T	508	113
509	G	509	114
510	L	510	115
511	E	511	116
512	S	512	117
513	P	513	118
514	G	514	119
515	G	515	120
516	L	516	121
517	A	517	122
518	V	518	123
519	D	519	124
520	W	520	125
521	V	521	126
522	H	522	127
523	D	523	128
524	K	524	129
525	L	525	130
526	Y	526	131
527	W	527	132
528	T	528	133
529	D	529	134
530	S	530	135
531	G	531	136
532	T	532	137
533	S	533	138
534	R	534	139
535	I	535	140
536	E	536	141
537	V	537	142
538	A	538	143
539	N	539	144
540	L	540	145
541	D	541	146
542	G	542	147
543	A	543	148
544	H	544	149
545	R	545	150
546	K	546	151
547	V	547	152
548	L	548	153
549	L	549	154
550	W	550	155
551	Q	551	156
552	S	552	157
553	L	553	158
554	E	554	159
555	K	555	160
556	P	556	161
557	R	557	162
558	A	558	163
559	I	559	164
560	A	560	165
561	L	561	166
562	H	562	167
563	P	563	168
564	M	564	169
565	E	565	170
566	G	566	171
567	T	567	172
568	I	568	173
569	Y	569	174
570	W	570	175
571	T	571	176
572	D	572	177
573	W	573	178
574	G	574	179
575	N	575	180
576	T	576	181
577	P	577	182
578	R	578	183
579	I	579	184
580	E	580	185
581	A	581	186
582	S	582	187
583	S	583	188
584	M	584	189
585	D	585	190
586	G	586	191
587	S	587	192
588	G	588	193
589	R	589	194
590	R	590	195
591	I	591	196
592	I	592	197
593	A	593	198
594	D	594	199
595	T	595	200
596	H	596	201
597	L	597	202
598	F	598	203
599	W	599	204
600	P	600	205
601	N	601	206
602	G	602	207
603	L	603	208
604	T	604	209
605	I	605	210
606	D	606	211
607	Y	607	212
608	A	608	213
609	G	609	214
610	R	610	215
611	R	611	216
612	M	612	217
613	Y	613	218
614	W	614	219
615	V	615	220
616	D	616	221
617	A	617	222
618	K	618	223
619	H	619	224
620	H	620	225
621	V	621	226
622	I	622	227
623	E	623	228
624	R	624	229
625	A	625	230
626	N	626	231
627	L	627	232
628	D	628	233
629	G	629	234
630	S	630	235
631	H	631	236
632	R	632	237
633	K	633	238
634	A	634	239
635	V	635	240
636	I	636	241
637	S	637	242
638	Q	638	243
639	G	639	244
640	L	640	245
641	P	641	246
642	H	642	247
643	P	643	248
644	F	644	249
645	A	645	250
646	I	646	251
647	T	647	252
648	V	648	253
649	F	649	254
650	E	650	255
651	D	651	256
652	S	652	257
653	L	653	258
654	Y	654	259
655	W	655	260
656	T	656	261
657	D	657	262
658	W	658	263
659	H	659	264
660	T	660	265
661	K	661	266
662	S	662	267
663	I	663	268
664	N	664	269
665	S	665	270
666	A	666	271
667	N	667	272
668	K	668	273
669	F	669	274
670	T	670	275
671	G	671	276
672	K	672	277
673	N	673	278
674	Q	674	279
675	E	675	280
676	I	676	281
677	I	677	282
678	R	678	283
679	N	679	284
680	K	680	285
681	L	681	286
682	H	682	287
683	F	683	288
684	P	684	289
685	M	685	290
686	D	686	291
687	I	687	292
688	H	688	293
689	T	689	294
690	L	690	295
691	H	691	296
692	P	692	297
693	Q	693	298
694	R	694	299
695	Q	695	300
696	P	696	301
697	A	697	302
698	G	698	303
699	K	699	304
700	N	700	305
701	R	701	306
702	C	702	307
703	G	703	308
704	D	704	309
705	N	705	310
706	N	706	311
707	G	707	312
708	G	708	313
709	C	709	314
710	T	710	315
711	H	711	316
712	L	712	317
713	C	713	318
714	L	714	319
715	P	715	320
716	S	716	321
717	G	717	322
718	Q	718	323
719	N	719	324
720	Y	720	325
721	T	721	326
722	C	722	327
723	A	723	328
724	C	724	329
725	P	725	330
726	T	726	331
727	G	727	332
728	F	728	333
729	R	729	334
730	K	730	335
731	I	731	336
732	N	732	337
733	S	733	338
734	H	734	339
735	A	735	340
736	C	736	341
737	A	737	342
