UNIPROT_SEQ_NUM	UNIPROT	PDBResNumAuthor	PDBResNumCIF
1087	G	1051	5
1088	I	1052	6
1089	E	1053	7
1090	G	1054	8
1091	V	1055	9
1092	K	1056	10
1093	G	1057	11
1094	A	1058	12
1095	A	1059	13
1096	S	1060	14
1097	G	1061	15
1098	V	1062	16
1099	V	1063	17
1100	G	1064	18
1101	E	1065	19
1102	L	1066	20
1103	A	1067	21
1104	R	1068	22
1105	A	1069	23
1106	R	1070	24
1107	L	1071	25
1108	A	1072	26
1109	L	1073	27
1110	D	1074	28
1111	E	1075	29
1112	R	1076	30
1113	G	1077	31
1114	Q	1078	32
1115	K	1079	33
1116	L	1080	34
1117	S	1081	35
1118	D	1082	36
1119	L	1083	37
1120	E	1084	38
1121	E	1085	39
1122	R	1086	40
1123	T	1087	41
1124	A	1088	42
1125	A	1089	43
1126	M	1090	44
1127	M	1091	45
1128	S	1092	46
1129	S	1093	47
1130	A	1094	48
1131	D	1095	49
1132	S	1096	50
1133	F	1097	51
1134	S	1098	52
1135	K	1099	53
1136	H	1100	54
1137	A	1101	55
1138	H	1102	56
1139	E	1103	57
1140	M	1104	58
1141	M	1105	59
1142	L	1106	60
1143	K	1107	61
1144	Y	1108	62
