UNIPROT_SEQ_NUM	UNIPROT	PDBResNumAuthor	PDBResNumCIF
11	R	11	10
12	V	12	11
13	R	13	12
14	N	14	13
15	L	15	14
16	Q	16	15
17	S	17	16
18	E	18	17
19	V	19	18
20	E	20	19
21	G	21	20
22	V	22	21
23	K	23	22
24	N	24	23
25	I	25	24
26	M	26	25
27	T	27	26
28	Q	28	27
29	N	29	28
30	V	30	29
31	E	31	30
32	R	32	31
33	I	33	32
34	L	34	33
35	A	35	34
36	R	36	35
37	G	37	36
38	E	38	37
39	N	39	38
40	L	40	39
41	D	41	40
42	H	42	41
43	L	43	42
44	R	44	43
45	N	45	44
46	K	46	45
47	T	47	46
48	E	48	47
49	D	49	48
50	L	50	49
51	E	51	50
52	A	52	51
53	T	53	52
54	S	54	53
55	E	55	54
56	H	56	55
57	F	57	56
58	K	58	57
59	T	59	58
60	T	60	59
61	S	61	60
62	Q	62	61
63	K	63	62
64	V	64	63
