UNIPROT_SEQ_NUM	UNIPROT	PDBResNumAuthor	PDBResNumCIF
653	S	653	20
654	G	654	21
655	S	655	22
656	D	656	23
657	Y	657	24
658	I	658	25
659	I	659	26
660	K	660	27
661	E	661	28
662	K	662	29
663	T	663	30
664	V	664	31
665	L	665	32
666	L	666	33
667	Q	667	34
668	K	668	35
669	K	669	36
670	D	670	37
671	S	671	38
672	E	672	39
673	G	673	40
674	F	674	41
675	G	675	42
676	F	676	43
677	V	677	44
678	L	678	45
679	R	679	46
680	G	680	47
681	A	681	48
682	K	682	49
683	A	683	50
684	Q	684	51
685	T	685	52
686	P	686	53
687	I	687	54
688	E	688	55
689	E	689	56
690	F	690	57
691	T	691	58
692	P	692	59
693	T	693	60
694	P	694	61
695	A	695	62
696	F	696	63
697	P	697	64
698	A	698	65
699	L	699	66
700	Q	700	67
701	Y	701	68
702	L	702	69
703	E	703	70
704	S	704	71
705	V	705	72
706	D	706	73
707	E	707	74
708	G	708	75
709	G	709	76
710	V	710	77
711	A	711	78
712	W	712	79
713	R	713	80
714	A	714	81
715	G	715	82
716	L	716	83
717	R	717	84
718	M	718	85
719	G	719	86
720	D	720	87
721	F	721	88
722	L	722	89
723	I	723	90
724	E	724	91
725	V	725	92
726	N	726	93
727	G	727	94
728	Q	728	95
729	N	729	96
730	V	730	97
731	V	731	98
732	K	732	99
733	V	733	100
734	G	734	101
735	H	735	102
736	R	736	103
737	Q	737	104
738	V	738	105
739	V	739	106
740	N	740	107
741	M	741	108
742	I	742	109
743	R	743	110
744	Q	744	111
745	G	745	112
746	G	746	113
747	N	747	114
748	T	748	115
749	L	749	116
750	M	750	117
751	V	751	118
752	K	752	119
753	V	753	120
754	V	754	121
755	M	755	122
756	V	756	123
757	T	757	124
758	R	758	125
