UNIPROT_SEQ_NUM	UNIPROT	PDBResNumAuthor	PDBResNumCIF
12	E	5	8
13	Q	6	9
14	I	7	10
15	L	8	11
16	V	9	12
17	L	10	13
18	D	11	14
19	P	12	15
20	P	13	16
21	S	14	17
22	D	15	18
23	L	16	19
24	K	17	20
25	F	18	21
26	K	19	22
27	G	20	23
28	P	21	24
29	F	22	25
30	T	23	26
31	D	24	27
32	V	25	28
33	V	26	29
34	T	27	30
35	T	28	31
36	N	29	32
37	L	30	33
38	K	31	34
39	L	32	35
40	Q	33	36
41	N	34	37
42	P	35	38
43	S	36	39
44	D	37	40
45	R	38	41
46	K	39	42
47	V	40	43
48	C	41	44
49	F	42	45
50	K	43	46
51	V	44	47
52	K	45	48
53	T	46	49
54	T	47	50
55	A	48	51
56	P	49	52
57	R	50	53
58	R	51	54
59	Y	52	55
60	C	53	56
61	V	54	57
62	R	55	58
63	P	56	59
64	N	57	60
65	S	58	61
66	G	59	62
67	V	60	63
68	I	61	64
69	D	62	65
70	P	63	66
71	G	64	67
72	S	65	68
73	I	66	69
74	V	67	70
75	T	68	71
76	V	69	72
77	S	70	73
78	V	71	74
79	M	72	75
80	L	73	76
81	Q	74	77
82	P	75	78
83	F	76	79
84	D	77	80
85	Y	78	81
86	D	79	82
87	P	80	83
88	N	81	84
89	E	82	85
90	K	83	86
91	S	84	87
92	K	85	88
93	H	86	89
94	K	87	90
95	F	88	91
96	M	89	92
97	V	90	93
98	Q	91	94
99	T	92	95
100	I	93	96
101	F	94	97
102	A	95	98
103	P	96	99
104	P	97	100
107	S	100	103
108	D	101	104
109	M	102	105
110	E	103	106
111	A	104	107
112	V	105	108
113	W	106	109
114	K	107	110
115	E	108	111
116	A	109	112
117	K	110	113
118	P	111	114
119	D	112	115
120	E	113	116
121	L	114	117
122	M	115	118
123	D	116	119
124	S	117	120
125	K	118	121
126	L	119	122
127	R	120	123
128	C	121	124
129	V	122	125
130	F	123	126
131	E	124	127
132	M	125	128
