UNIPROT_SEQ_NUM	UNIPROT	PDBResNumAuthor	PDBResNumCIF
6	I	6	6
7	F	7	7
8	S	8	8
9	T	9	9
10	R	10	10
11	A	11	11
12	H	12	12
13	V	13	13
14	F	14	14
15	Q	15	15
16	I	16	16
17	D	17	17
18	P	18	18
19	N	19	19
20	T	20	20
21	K	21	21
22	K	22	22
23	N	23	23
24	W	24	24
25	V	25	25
26	P	26	26
27	T	27	27
28	S	28	28
29	K	29	29
30	H	30	30
31	A	31	31
32	V	32	32
33	T	33	33
34	V	34	34
35	S	35	35
36	Y	36	36
37	F	37	37
38	Y	38	38
39	D	39	39
40	S	40	40
41	T	41	41
42	R	42	42
43	N	43	43
44	V	44	44
45	Y	45	45
46	R	46	46
47	I	47	47
48	I	48	48
49	S	49	49
50	L	50	50
51	D	51	51
52	G	52	52
53	S	53	53
54	K	54	54
55	A	55	55
56	I	56	56
57	I	57	57
58	N	58	58
59	S	59	59
60	T	60	60
61	I	61	61
62	T	62	62
63	P	63	63
64	N	64	64
65	M	65	65
66	T	66	66
67	F	67	67
68	T	68	68
69	K	69	69
70	T	70	70
71	S	71	71
72	Q	72	72
73	K	73	73
74	F	74	74
75	G	75	75
76	Q	76	76
77	W	77	77
78	A	78	78
79	D	79	79
80	S	80	80
81	R	81	81
82	A	82	82
83	N	83	83
84	T	84	84
85	V	85	85
86	Y	86	86
87	G	87	87
88	L	88	88
89	G	89	89
90	F	90	90
91	S	91	91
92	S	92	92
93	E	93	93
94	H	94	94
95	H	95	95
96	L	96	96
97	S	97	97
98	K	98	98
99	F	99	99
100	A	100	100
101	E	101	101
102	K	102	102
103	F	103	103
104	Q	104	104
105	E	105	105
106	F	106	106
107	K	107	107
108	E	108	108
109	A	109	109
