UNIPROT_SEQ_NUM	UNIPROT	PDBResNumAuthor	PDBResNumCIF
152	D	152	8
153	A	153	9
154	G	154	10
155	L	155	11
156	D	156	12
157	A	157	13
158	L	158	14
159	S	159	15
160	S	160	16
161	I	161	17
162	I	162	18
163	S	163	19
164	R	164	20
165	Q	165	21
166	K	166	22
167	Q	167	23
168	M	168	24
169	G	169	25
170	Q	170	26
171	E	171	27
172	I	172	28
173	G	173	29
174	N	174	30
175	E	175	31
176	L	176	32
177	D	177	33
178	E	178	34
179	Q	179	35
180	N	180	36
181	E	181	37
182	I	182	38
183	I	183	39
184	D	184	40
185	D	185	41
186	L	186	42
187	A	187	43
188	N	188	44
189	L	189	45
190	V	190	46
191	E	191	47
192	N	192	48
193	T	193	49
194	D	194	50
195	E	195	51
196	K	196	52
197	L	197	53
198	R	198	54
199	T	199	55
200	E	200	56
201	A	201	57
202	R	202	58
203	R	203	59
204	V	204	60
205	T	205	61
206	L	206	62
