dme0000000295	hsa0000048529	100.000	28	0	0	185	212	110	137	9.34e-07	52.8
dme0000000355	hsa0000238433	85.549	173	19	4	42	211	30	199	9.62e-44	176
dme0000000355	hsa0000238429	78.571	140	24	6	70	206	151	287	4.64e-17	87.9
dme0000000355	hsa0000238428	78.571	140	24	6	70	206	154	290	4.64e-17	87.9
dme0000000599	hsa0000198271	73.831	1582	373	36	4	1563	16	1578	1.51e-167	590
dme0000001249	hsa0000257208	74.286	315	77	4	622	934	274	586	3.17e-29	130
dme0000001250	hsa0000257208	74.286	315	77	4	622	934	274	586	3.22e-29	130
dme0000001251	hsa0000257208	74.286	315	77	4	622	934	274	586	4.32e-29	130
dme0000001696	hsa0000209677	82.609	161	28	0	184	344	4	164	4.88e-33	143
dme0000001696	hsa0000209678	91.489	47	4	0	406	452	44	90	1.09e-09	65.8
dme0000002018	hsa0000146331	79.567	416	79	6	494	906	1	413	3.06e-78	292
dme0000002018	hsa0000146330	78.987	395	77	6	494	885	1	392	6.68e-70	265
dme0000002018	hsa0000208587	81.818	143	26	0	74	216	92	234	1.53e-26	121
dme0000002019	hsa0000146331	79.567	416	79	6	486	898	1	413	3.04e-78	292
dme0000002019	hsa0000146330	78.987	395	77	6	486	877	1	392	6.64e-70	265
dme0000002019	hsa0000208587	81.818	143	26	0	66	208	92	234	1.52e-26	121
dme0000003153	hsa0000107997	88.889	162	18	0	45	206	30	191	4.56e-51	200
dme0000003153	hsa0000107994	88.889	162	18	0	45	206	42	203	4.56e-51	200
dme0000003153	hsa0000238433	88.415	164	19	0	36	199	30	193	1.64e-50	198
dme0000003153	hsa0000238435	88.608	158	18	0	43	200	40	197	7.62e-49	193
dme0000003153	hsa0000238431	83.041	171	29	0	36	206	39	209	1.00e-37	156
dme0000003153	hsa0000112822	84.507	142	22	0	64	205	67	208	2.80e-33	141
dme0000003153	hsa0000107992	82.278	158	28	0	36	193	33	190	3.62e-32	137
dme0000003153	hsa0000238429	82.192	146	20	4	64	206	151	293	3.65e-27	121
dme0000003153	hsa0000238428	82.192	146	20	4	64	206	154	296	3.65e-27	121
dme0000003153	hsa0000036584	81.633	147	19	6	64	206	79	221	1.70e-25	115
dme0000003154	hsa0000107997	88.889	162	18	0	45	206	30	191	5.04e-51	200
dme0000003154	hsa0000107994	88.889	162	18	0	45	206	42	203	5.04e-51	200
dme0000003154	hsa0000238433	88.415	164	19	0	36	199	30	193	1.81e-50	198
dme0000003154	hsa0000238435	88.608	158	18	0	43	200	40	197	8.43e-49	193
dme0000003154	hsa0000238431	83.041	171	29	0	36	206	39	209	1.11e-37	156
dme0000003154	hsa0000112822	84.507	142	22	0	64	205	67	208	3.10e-33	141
dme0000003154	hsa0000107992	82.278	158	28	0	36	193	33	190	4.01e-32	137
dme0000003154	hsa0000238429	82.192	146	20	4	64	206	151	293	4.03e-27	121
dme0000003154	hsa0000238428	82.192	146	20	4	64	206	154	296	4.03e-27	121
dme0000003154	hsa0000036584	81.633	147	19	6	64	206	79	221	1.88e-25	115
dme0000003155	hsa0000107997	88.889	162	18	0	45	206	30	191	8.94e-51	200
dme0000003155	hsa0000107994	88.889	162	18	0	45	206	42	203	8.94e-51	200
dme0000003155	hsa0000238433	88.415	164	19	0	36	199	30	193	3.21e-50	198
dme0000003155	hsa0000238435	88.608	158	18	0	43	200	40	197	1.50e-48	193
dme0000003155	hsa0000238431	83.041	171	29	0	36	206	39	209	1.96e-37	156
dme0000003155	hsa0000112822	84.507	142	22	0	64	205	67	208	5.49e-33	141
dme0000003155	hsa0000107992	82.278	158	28	0	36	193	33	190	7.11e-32	137
dme0000003155	hsa0000238429	82.192	146	20	4	64	206	151	293	7.16e-27	121
dme0000003155	hsa0000238428	82.192	146	20	4	64	206	154	296	7.16e-27	121
dme0000003155	hsa0000036584	81.633	147	19	6	64	206	79	221	3.33e-25	115
dme0000003156	hsa0000107997	88.889	162	18	0	45	206	30	191	1.15e-50	200
dme0000003156	hsa0000107994	88.889	162	18	0	45	206	42	203	1.15e-50	200
dme0000003156	hsa0000238433	88.415	164	19	0	36	199	30	193	4.15e-50	198
dme0000003156	hsa0000238435	88.608	158	18	0	43	200	40	197	1.93e-48	193
dme0000003156	hsa0000238431	83.041	171	29	0	36	206	39	209	2.53e-37	156
dme0000003156	hsa0000112822	84.507	142	22	0	64	205	67	208	7.09e-33	141
dme0000003156	hsa0000107992	82.278	158	28	0	36	193	33	190	9.17e-32	137
dme0000003156	hsa0000238429	82.192	146	20	4	64	206	151	293	9.23e-27	121
dme0000003156	hsa0000238428	82.192	146	20	4	64	206	154	296	9.23e-27	121
dme0000003156	hsa0000036584	81.633	147	19	6	64	206	79	221	4.30e-25	115
dme0000003212	hsa0000220286	86.747	83	11	0	1	83	1	83	2.05e-19	93.5
dme0000003212	hsa0000220287	85.915	71	10	0	13	83	1	71	2.06e-14	76.8
dme0000003287	hsa0000198363	84.211	76	10	2	1	75	1	75	9.08e-13	73.1
dme0000003312	hsa0000031385	77.830	212	43	4	18	227	27	236	1.59e-29	128
dme0000003579	hsa0000020372	83.158	95	16	0	17	111	14	108	2.03e-16	87.9
dme0000004283	hsa0000198271	75.694	1584	340	37	4	1563	16	1578	0.0	750
dme0000004363	hsa0000103264	94.737	38	2	0	1	38	10	47	5.87e-09	60.2
dme0000004786	hsa0000098026	96.970	33	1	0	143	175	62	94	1.43e-07	56.5
dme0000004939	hsa0000195179	96.875	32	0	1	233	264	81	111	2.79e-06	52.8
dme0000004939	hsa0000195178	96.875	32	0	1	233	264	162	192	2.79e-06	52.8
dme0000004939	hsa0000195177	96.875	32	0	1	233	264	386	416	2.79e-06	52.8
dme0000004939	hsa0000195176	96.875	32	0	1	233	264	467	497	2.79e-06	52.8
dme0000004939	hsa0000195175	96.875	32	0	1	233	264	467	497	2.79e-06	52.8
dme0000005442	hsa0000198271	75.631	1584	341	37	4	1563	16	1578	0.0	745
dme0000005796	hsa0000084928	84.272	426	64	2	125	547	81	506	9.99e-115	412
dme0000005796	hsa0000084927	84.272	426	64	2	125	547	98	523	9.99e-115	412
dme0000005797	hsa0000084928	84.272	426	64	2	125	547	81	506	2.63e-114	412
dme0000005797	hsa0000084927	84.272	426	64	2	125	547	98	523	2.63e-114	412
dme0000005837	hsa0000156400	82.828	99	17	0	354	452	1	99	1.55e-17	89.8
dme0000005837	hsa0000156399	83.158	95	16	0	354	448	1	95	5.58e-17	87.9
dme0000005903	hsa0000038368	83.296	898	150	0	28	925	226	1123	0.0	828
dme0000005903	hsa0000231738	86.788	439	58	0	367	805	1	439	7.59e-138	490
dme0000005903	hsa0000231739	86.189	391	54	0	415	805	1	391	7.81e-118	424
dme0000005903	hsa0000010573	88.088	319	38	0	133	451	1	319	1.71e-104	379
dme0000005903	hsa0000010572	87.692	325	40	0	127	451	1	325	1.71e-104	379
dme0000005903	hsa0000211686	85.185	324	46	2	127	449	1	323	4.87e-90	331
dme0000005903	hsa0000231734	88.750	240	27	0	127	366	1	240	6.39e-79	294
dme0000005903	hsa0000231733	89.352	216	23	0	127	342	1	216	2.99e-72	272
dme0000005903	hsa0000231735	89.202	213	23	0	154	366	1	213	1.39e-70	267
dme0000005903	hsa0000010575	87.097	186	24	0	616	801	3	188	6.62e-54	211
dme0000005903	hsa0000231737	86.010	193	27	0	367	559	1	193	8.56e-53	207
dme0000005904	hsa0000038368	85.714	189	25	2	15	202	1138	1325	1.06e-50	198
dme0000005904	hsa0000035893	85.714	189	25	2	15	202	1138	1325	1.06e-50	198
dme0000005904	hsa0000034721	85.714	189	25	2	15	202	1138	1325	1.06e-50	198
dme0000005904	hsa0000038491	85.185	189	26	2	15	202	1138	1325	4.95e-49	193
dme0000005904	hsa0000105010	89.286	140	15	0	63	202	1	140	4.98e-44	176
dme0000005904	hsa0000010577	87.143	140	18	0	63	202	1	140	5.02e-39	159
dme0000005904	hsa0000170987	83.333	144	24	0	63	206	1	144	3.04e-31	134
dme0000006167	hsa0000218322	83.043	230	39	0	1	230	16	245	5.56e-54	209
dme0000006167	hsa0000218321	83.043	230	39	0	1	230	16	245	5.56e-54	209
dme0000006167	hsa0000216819	83.043	230	39	0	1	230	16	245	5.56e-54	209
dme0000006168	hsa0000218322	86.709	158	21	0	1	158	246	403	3.95e-44	176
dme0000006168	hsa0000218321	86.709	158	21	0	1	158	246	403	3.95e-44	176
dme0000006168	hsa0000216819	86.709	158	21	0	1	158	246	403	3.95e-44	176
dme0000006170	hsa0000093476	84.906	265	36	4	3	265	416	678	1.37e-70	265
dme0000006170	hsa0000093440	84.906	265	36	4	3	265	416	678	1.37e-70	265
dme0000006170	hsa0000248605	84.232	241	36	2	13	252	426	665	3.86e-61	233
dme0000006170	hsa0000248604	84.232	241	36	2	13	252	426	665	3.86e-61	233
dme0000006171	hsa0000093476	89.969	319	32	0	5	323	683	1001	5.66e-115	412
dme0000006171	hsa0000093440	89.969	319	32	0	5	323	683	1001	5.66e-115	412
dme0000006171	hsa0000270843	89.342	319	34	0	5	323	489	807	1.23e-111	401
dme0000006171	hsa0000270842	89.342	319	34	0	5	323	591	909	1.23e-111	401
dme0000006171	hsa0000270841	89.342	319	34	0	5	323	683	1001	1.23e-111	401
dme0000006171	hsa0000218322	89.028	319	35	0	5	323	683	1001	5.70e-110	396
dme0000006171	hsa0000216819	89.028	319	35	0	5	323	683	1001	5.70e-110	396
dme0000006171	hsa0000093433	87.147	319	39	2	6	323	684	1001	2.08e-99	361
dme0000006171	hsa0000135960	86.520	319	43	0	5	323	683	1001	1.25e-96	351
dme0000006171	hsa0000163562	82.432	296	50	2	5	299	683	977	2.81e-68	257
dme0000006171	hsa0000247935	81.208	298	50	6	5	299	683	977	1.31e-61	235
dme0000006368	hsa0000238433	83.871	155	25	0	36	190	39	193	1.64e-35	148
dme0000006368	hsa0000238431	81.452	124	21	2	57	179	69	191	4.65e-21	100
dme0000006368	hsa0000238429	92.453	53	4	0	138	190	234	286	7.84e-14	76.8
dme0000006368	hsa0000238428	92.453	53	4	0	138	190	237	289	7.84e-14	76.8
dme0000006368	hsa0000036584	88.136	59	7	0	132	190	156	214	3.65e-12	71.3
dme0000006433	hsa0000014147	87.395	119	15	0	1	119	181	299	1.40e-32	137
dme0000006433	hsa0000014121	87.395	119	15	0	1	119	181	299	1.40e-32	137
dme0000006738	hsa0000198271	75.694	1584	340	37	4	1563	16	1578	0.0	750
dme0000007418	hsa0000198524	81.102	254	48	0	471	724	1	254	8.78e-52	204
dme0000007418	hsa0000198525	83.537	164	27	0	561	724	1	164	8.96e-37	154
dme0000007699	hsa0000068632	86.111	72	8	2	561	631	522	592	2.28e-13	76.8
dme0000007700	hsa0000068632	86.111	72	8	2	561	631	522	592	3.34e-13	76.8
dme0000007709	hsa0000260500	89.583	48	5	0	1073	1120	37	84	1.64e-08	62.1
dme0000007710	hsa0000260500	89.583	48	5	0	1073	1120	37	84	1.65e-08	62.1
dme0000007711	hsa0000260500	89.583	48	5	0	1073	1120	37	84	1.77e-08	62.1
dme0000007721	hsa0000188372	96.875	32	1	0	1297	1328	42	73	1.80e-06	54.7
dme0000007736	hsa0000274167	82.390	159	28	0	190	348	3	161	1.30e-32	139
dme0000007736	hsa0000274166	81.429	140	26	0	190	329	3	142	2.19e-25	115
dme0000007920	hsa0000101357	76.431	1799	388	32	7	1787	16	1796	0.0	941
dme0000007920	hsa0000100787	76.431	1799	388	32	7	1787	16	1796	0.0	941
dme0000007920	hsa0000006332	75.000	1520	359	20	13	1523	28	1535	0.0	682
dme0000007920	hsa0000092375	72.692	1560	391	30	7	1550	22	1562	5.73e-137	488
dme0000008572	hsa0000105359	79.412	136	20	8	550	681	1	132	3.05e-17	89.8
dme0000008572	hsa0000105358	79.412	136	20	8	550	681	1	132	3.05e-17	89.8
dme0000008573	hsa0000105359	79.412	136	20	8	550	681	1	132	3.06e-17	89.8
dme0000008573	hsa0000105358	79.412	136	20	8	550	681	1	132	3.06e-17	89.8
dme0000009021	hsa0000031939	83.744	203	33	0	19	221	19	221	1.34e-48	193
dme0000009021	hsa0000192294	83.251	203	34	0	19	221	19	221	6.26e-47	187
dme0000009021	hsa0000032534	83.251	203	34	0	19	221	19	221	6.26e-47	187
dme0000009021	hsa0000175707	81.879	149	27	0	373	521	1	149	1.38e-28	126
dme0000009022	hsa0000032536	82.955	528	90	0	1	528	154	681	5.24e-134	477
dme0000009022	hsa0000031941	82.008	528	95	0	1	528	154	681	1.14e-125	449
dme0000009022	hsa0000276215	79.356	528	109	0	1	528	154	681	2.54e-102	372
dme0000009022	hsa0000276216	81.402	328	61	0	201	528	1	328	3.43e-71	268
dme0000009193	hsa0000184322	84.112	107	15	2	2151	2256	36	141	2.81e-20	102
dme0000009193	hsa0000184323	87.342	79	10	0	2178	2256	3	81	6.09e-17	91.6
dme0000009215	hsa0000101357	76.431	1799	388	32	7	1787	16	1796	0.0	941
dme0000009215	hsa0000100787	76.431	1799	388	32	7	1787	16	1796	0.0	941
dme0000009215	hsa0000006332	75.000	1520	359	20	13	1523	28	1535	0.0	682
dme0000009215	hsa0000092375	72.692	1560	391	30	7	1550	22	1562	5.73e-137	488
dme0000009933	hsa0000241111	85.714	105	15	0	136	240	1	105	1.90e-24	111
dme0000010032	hsa0000078795	98.039	51	1	0	123	173	1036	1086	5.66e-18	89.8
dme0000010598	hsa0000198271	75.758	1584	339	38	4	1563	16	1578	0.0	756
dme0000010620	hsa0000038368	83.002	1106	182	5	28	1130	226	1328	0.0	996
dme0000010620	hsa0000038491	82.731	1106	185	5	28	1130	226	1328	0.0	979
dme0000010620	hsa0000035893	82.774	1103	184	5	28	1127	226	1325	0.0	979
dme0000010620	hsa0000034721	82.640	1106	186	5	28	1130	226	1328	0.0	974
dme0000010620	hsa0000010572	87.385	325	41	0	127	451	1	325	9.81e-103	374
dme0000010620	hsa0000010573	87.461	319	40	0	133	451	1	319	4.56e-101	368
dme0000010620	hsa0000104999	90.833	240	22	0	127	366	1	240	3.60e-87	322
dme0000010620	hsa0000104997	90.833	240	22	0	127	366	1	240	3.60e-87	322
dme0000010620	hsa0000104998	91.026	234	21	0	133	366	1	234	1.68e-85	316
dme0000010620	hsa0000231734	90.000	240	24	0	127	366	1	240	7.80e-84	311
dme0000010620	hsa0000231733	90.741	216	20	0	127	342	1	216	3.65e-77	289
dme0000010620	hsa0000231735	89.671	213	22	0	154	366	1	213	3.68e-72	272
dme0000010620	hsa0000231740	84.444	180	28	0	808	987	3	182	8.25e-44	178
dme0000010620	hsa0000170987	87.500	144	18	0	988	1131	1	144	1.79e-40	167
dme0000010620	hsa0000106128	90.698	43	4	0	1053	1095	3	45	1.12e-07	58.4
dme0000011077	hsa0000013262	85.811	148	19	2	1362	1508	642	788	5.17e-37	156
dme0000011077	hsa0000013261	85.811	148	19	2	1362	1508	730	876	5.17e-37	156
dme0000011174	hsa0000213783	94.444	36	2	0	102	137	36	71	1.08e-07	56.5
dme0000011427	hsa0000036663	86.653	959	128	0	376	1334	4	962	0.0	1062
dme0000011427	hsa0000175707	82.934	961	164	0	373	1333	1	961	0.0	867
dme0000011427	hsa0000186576	82.206	961	171	0	373	1333	1	961	0.0	828
dme0000011427	hsa0000181896	82.670	929	161	0	373	1301	1	929	0.0	824
dme0000011427	hsa0000192296	85.463	681	99	0	373	1053	1	681	0.0	710
dme0000011427	hsa0000031941	85.316	681	100	0	373	1053	1	681	0.0	704
dme0000011427	hsa0000276215	83.482	672	111	0	382	1053	10	681	8.17e-179	627
dme0000011427	hsa0000036662	86.325	468	64	0	457	924	1	468	8.58e-144	510
dme0000011427	hsa0000045593	81.869	535	92	4	373	905	1	532	2.45e-124	446
dme0000011427	hsa0000045594	83.333	450	72	2	457	905	1	448	2.49e-114	412
dme0000011427	hsa0000175699	88.372	215	25	0	1	215	1	215	3.43e-68	259
dme0000011427	hsa0000186573	87.442	215	27	0	1	215	1	215	7.43e-65	248
dme0000011427	hsa0000186572	87.442	215	27	0	1	215	1	215	7.43e-65	248
dme0000011427	hsa0000186570	87.442	215	27	0	1	215	1	215	7.43e-65	248
dme0000011427	hsa0000181893	86.977	215	28	0	1	215	1	215	3.46e-63	243
dme0000011511	hsa0000030926	88.679	53	6	0	242	294	2	54	1.14e-09	65.8
dme0000011876	hsa0000103775	92.308	52	4	0	179	230	2	53	7.25e-13	75.0
dme0000012154	hsa0000181665	89.516	124	12	1	825	947	4	127	3.32e-37	156
dme0000012159	hsa0000087612	78.469	209	45	0	27	235	21	229	4.01e-32	137
dme0000012159	hsa0000068632	89.362	47	5	0	159	205	531	577	8.92e-09	60.2
dme0000012771	hsa0000036663	85.532	940	134	2	379	1317	4	942	0.0	981
dme0000012771	hsa0000031941	84.164	682	106	2	376	1056	1	681	0.0	660
dme0000012771	hsa0000032536	84.018	682	107	2	376	1056	1	681	0.0	654
dme0000012771	hsa0000192296	83.871	682	108	2	376	1056	1	681	0.0	649
dme0000012771	hsa0000175699	85.581	215	31	0	4	218	1	215	3.49e-58	226
dme0000012771	hsa0000186573	84.651	215	33	0	4	218	1	215	7.55e-55	215
dme0000012771	hsa0000186572	84.651	215	33	0	4	218	1	215	7.55e-55	215
dme0000012771	hsa0000186570	84.651	215	33	0	4	218	1	215	7.55e-55	215
dme0000012771	hsa0000181893	84.186	215	34	0	4	218	1	215	3.51e-53	209
dme0000013143	hsa0000027165	96.875	32	1	0	37	68	37	68	1.53e-07	54.7
dme0000013149	hsa0000207992	90.000	60	6	0	5	64	5	64	3.45e-15	78.7
dme0000013392	hsa0000080770	84.127	252	40	0	1583	1834	656	907	1.48e-63	244
dme0000013393	hsa0000080770	84.127	252	40	0	1583	1834	656	907	1.67e-63	244
dme0000013394	hsa0000080770	84.127	252	40	0	881	1132	656	907	9.86e-64	244
dme0000013800	hsa0000259113	83.889	180	27	2	76	254	2	180	4.09e-42	171
dme0000014108	hsa0000270842	85.201	919	129	5	1	917	25	938	0.0	937
dme0000014108	hsa0000270841	85.201	919	129	5	1	917	117	1030	0.0	937
dme0000014108	hsa0000093440	85.239	901	129	4	1	899	117	1015	0.0	924
dme0000014108	hsa0000093476	85.128	901	130	4	1	899	117	1015	0.0	918
dme0000014108	hsa0000218322	84.188	936	141	7	1	931	117	1050	0.0	902
dme0000014108	hsa0000216819	84.188	936	141	7	1	931	117	1050	0.0	902
dme0000014108	hsa0000248605	83.960	904	141	4	1	902	117	1018	0.0	863
dme0000014108	hsa0000270843	85.137	841	118	5	79	917	1	836	0.0	854
dme0000014108	hsa0000248604	84.332	734	111	4	1	732	117	848	0.0	715
dme0000015397	hsa0000101357	79.660	1824	351	18	32	1845	32	1845	0.0	1295
dme0000015397	hsa0000100787	79.671	1825	349	20	32	1845	32	1845	0.0	1295
dme0000015397	hsa0000198271	78.278	1823	364	24	32	1835	35	1844	0.0	1144
dme0000015397	hsa0000006332	78.401	1551	321	13	32	1575	38	1581	0.0	996
dme0000016506	hsa0000231083	84.252	127	18	2	58	183	1	126	1.50e-27	122
dme0000016666	hsa0000249909	90.741	54	5	0	24	77	24	77	1.91e-12	73.1
dme0000017167	hsa0000207167	87.500	72	9	0	639	710	54	125	2.10e-15	84.2
dme0000017168	hsa0000207167	87.500	72	9	0	609	680	54	125	2.05e-15	84.2
dme0000018464	hsa0000080223	83.000	200	33	1	32	231	103	301	6.25e-45	180
dme0000018464	hsa0000087582	83.333	192	30	2	30	220	27	217	8.08e-44	176
dme0000018464	hsa0000087581	83.333	192	30	2	30	220	40	230	8.08e-44	176
dme0000018464	hsa0000224877	82.540	189	33	0	32	220	100	288	4.86e-41	167
dme0000018464	hsa0000224871	82.199	191	34	0	35	225	127	317	1.75e-40	165
dme0000018464	hsa0000224884	81.188	202	34	3	32	231	35	234	8.14e-39	159
dme0000018464	hsa0000087052	81.152	191	35	1	35	224	118	308	1.36e-36	152
dme0000019121	hsa0000016644	81.818	143	26	0	882	1024	1	143	3.46e-26	121
dme0000019121	hsa0000016645	86.250	80	11	0	945	1024	4	83	3.51e-16	87.9
dme0000019171	hsa0000068632	90.000	50	5	0	245	294	544	593	2.22e-10	65.8
dme0000019492	hsa0000186039	82.424	165	25	4	180	342	1	163	6.16e-33	141
dme0000019662	hsa0000198271	86.813	182	24	0	22	203	25	206	2.27e-52	204
dme0000019662	hsa0000092375	84.091	176	28	0	22	197	28	203	2.31e-42	171
dme0000019662	hsa0000101357	83.333	174	28	1	16	189	16	188	4.99e-39	159
dme0000019662	hsa0000100787	83.333	174	28	1	16	189	16	188	4.99e-39	159
dme0000019663	hsa0000101357	77.130	1373	292	22	3	1364	208	1569	0.0	776
dme0000019663	hsa0000100787	77.130	1373	292	22	3	1364	208	1569	0.0	776
dme0000019663	hsa0000198271	76.906	1377	294	20	3	1364	211	1578	0.0	760
dme0000019664	hsa0000101357	77.514	1263	267	17	58	1311	315	1569	0.0	743
dme0000019664	hsa0000100787	77.514	1263	267	17	58	1311	315	1569	0.0	743
dme0000019664	hsa0000198271	77.419	1271	265	18	55	1311	316	1578	0.0	737
dme0000020080	hsa0000038368	85.491	896	130	0	25	920	223	1118	0.0	935
dme0000020080	hsa0000038491	85.317	899	126	3	25	920	223	1118	0.0	924
dme0000020080	hsa0000035893	85.045	896	134	0	25	920	223	1118	0.0	913
dme0000020080	hsa0000034721	85.128	901	124	7	25	920	223	1118	0.0	913
dme0000020080	hsa0000231738	87.016	439	57	0	367	805	1	439	1.63e-139	496
dme0000020080	hsa0000105002	86.560	439	59	0	367	805	1	439	3.53e-136	484
dme0000020080	hsa0000105003	86.468	436	59	0	370	805	1	436	1.64e-134	479
dme0000020080	hsa0000231739	86.445	391	53	0	415	805	1	391	1.68e-119	429
dme0000020080	hsa0000105004	86.445	391	53	0	415	805	1	391	1.68e-119	429
dme0000020080	hsa0000010572	89.571	326	32	2	127	451	1	325	1.69e-114	412
dme0000020080	hsa0000010573	89.688	320	31	2	133	451	1	319	7.87e-113	407
dme0000020080	hsa0000104999	90.833	240	22	0	127	366	1	240	2.93e-87	322
dme0000020080	hsa0000104997	90.833	240	22	0	127	366	1	240	2.93e-87	322
dme0000020080	hsa0000104998	90.598	234	22	0	133	366	1	234	6.35e-84	311
dme0000020080	hsa0000231734	89.583	240	25	0	127	366	1	240	2.95e-82	305
dme0000020080	hsa0000231733	89.815	216	22	0	127	342	1	216	6.44e-74	278
dme0000020080	hsa0000231735	89.671	213	22	0	154	366	1	213	2.99e-72	272
dme0000020080	hsa0000010575	88.172	186	22	0	616	801	3	188	3.06e-57	222
dme0000020080	hsa0000231737	86.592	179	24	0	367	545	1	179	5.15e-50	198
dme0000020080	hsa0000104993	84.762	105	16	0	22	126	19	123	3.21e-22	106
dme0000020080	hsa0000104992	86.957	69	9	0	22	90	19	87	7.01e-14	78.7
dme0000020081	hsa0000106128	93.023	43	3	0	128	170	3	45	4.05e-10	63.9
dme0000020268	hsa0000201736	89.888	89	9	0	2	90	643	731	1.40e-25	115
dme0000020730	hsa0000080770	100.000	34	0	0	154	187	848	881	9.97e-10	63.9
dme0000020771	hsa0000265117	89.706	68	7	0	302	369	7	74	5.69e-17	87.9
dme0000021177	hsa0000186996	100.000	28	0	0	168	195	284	311	1.52e-06	52.8
dme0000021178	hsa0000186996	100.000	28	0	0	42	69	284	311	9.29e-07	52.8
dme0000021877	hsa0000021588	91.525	59	5	0	1627	1685	71	129	1.58e-14	82.4
dme0000022602	hsa0000113001	76.164	365	87	0	301	665	3	367	2.75e-48	193
dme0000022977	hsa0000025477	84.416	77	10	2	34	110	35	109	2.17e-13	75.0
dme0000023023	hsa0000269580	100.000	28	0	0	1182	1209	210	237	7.03e-06	52.8
dme0000024114	hsa0000046776	83.906	466	71	4	631	1094	937	1400	3.02e-123	442
dme0000024114	hsa0000026323	81.522	460	81	4	631	1088	736	1193	3.10e-103	375
dme0000024114	hsa0000088873	80.752	452	81	5	631	1079	781	1229	6.77e-95	348
dme0000024115	hsa0000046776	83.906	466	71	4	631	1094	937	1400	5.03e-123	442
dme0000024115	hsa0000026323	81.522	460	81	4	631	1088	736	1193	5.18e-103	375
dme0000024115	hsa0000088873	80.752	452	81	5	631	1079	781	1229	1.13e-94	348
dme0000024116	hsa0000046776	83.906	466	71	4	631	1094	937	1400	5.13e-123	442
dme0000024116	hsa0000026323	81.522	460	81	4	631	1088	736	1193	5.27e-103	375
dme0000024116	hsa0000088873	80.752	452	81	5	631	1079	781	1229	1.15e-94	348
dme0000024117	hsa0000046776	83.906	466	71	4	631	1094	937	1400	5.24e-123	442
dme0000024117	hsa0000026323	81.522	460	81	4	631	1088	736	1193	5.39e-103	375
dme0000024117	hsa0000088873	80.752	452	81	5	631	1079	781	1229	1.17e-94	348
dme0000024227	hsa0000214195	88.000	50	4	2	2014	2062	681	729	2.40e-07	58.4
dme0000024228	hsa0000214195	88.000	50	4	2	2014	2062	681	729	2.45e-07	58.4
dme0000024447	hsa0000080223	86.000	200	27	1	56	255	103	301	6.90e-55	213
dme0000024447	hsa0000224871	88.750	160	18	0	90	249	158	317	6.95e-50	196
dme0000024447	hsa0000224884	87.059	170	22	0	86	255	65	234	8.99e-49	193
dme0000024447	hsa0000224877	84.656	189	29	0	56	244	100	288	1.16e-47	189
dme0000024447	hsa0000087582	84.375	192	30	0	53	244	26	217	1.16e-47	189
dme0000024447	hsa0000087581	84.375	192	30	0	53	244	39	230	1.16e-47	189
dme0000024447	hsa0000087052	87.975	158	18	1	92	248	151	308	1.50e-46	185
dme0000024447	hsa0000087579	80.992	121	23	0	53	173	64	184	7.25e-20	97.1
dme0000024448	hsa0000080223	86.000	200	27	1	32	231	103	301	6.41e-55	213
dme0000024448	hsa0000224871	88.750	160	18	0	66	225	158	317	6.45e-50	196
dme0000024448	hsa0000224884	87.059	170	22	0	62	231	65	234	8.35e-49	193
dme0000024448	hsa0000224877	84.656	189	29	0	32	220	100	288	1.08e-47	189
dme0000024448	hsa0000087582	84.375	192	30	0	29	220	26	217	1.08e-47	189
dme0000024448	hsa0000087581	84.375	192	30	0	29	220	39	230	1.08e-47	189
dme0000024448	hsa0000087052	87.975	158	18	1	68	224	151	308	1.40e-46	185
dme0000024448	hsa0000087579	80.992	121	23	0	29	149	64	184	6.73e-20	97.1
dme0000025266	hsa0000278244	100.000	28	0	0	1149	1176	1617	1644	6.58e-06	52.8
dme0000025266	hsa0000198444	100.000	28	0	0	1149	1176	306	333	6.58e-06	52.8
dme0000025445	hsa0000269956	100.000	28	0	0	493	520	329	302	2.97e-06	52.8
dme0000025819	hsa0000131661	87.838	74	9	0	165	238	1	74	3.53e-17	87.9
dme0000025823	hsa0000278127	87.097	155	20	0	289	443	1	155	1.50e-43	176
dme0000026402	hsa0000101160	77.820	266	51	8	1449	1710	8	269	2.05e-37	158
dme0000026626	hsa0000088456	81.955	133	16	5	8	139	406	531	9.10e-23	106
dme0000027122	hsa0000141676	91.045	67	6	0	524	590	33	99	5.84e-18	91.6
dme0000027165	hsa0000182452	81.564	179	25	7	2	176	2	176	8.57e-33	141
dme0000027165	hsa0000182453	87.805	82	8	2	96	176	36	116	6.76e-19	95.3
dme0000027373	hsa0000171295	83.796	216	29	4	189	401	102	314	3.25e-50	200
dme0000027373	hsa0000047639	82.075	212	38	0	190	401	97	308	1.18e-44	182
dme0000027374	hsa0000171295	83.796	216	29	4	189	401	102	314	3.78e-50	200
dme0000027374	hsa0000047639	82.075	212	38	0	190	401	97	308	1.37e-44	182
dme0000027375	hsa0000171295	83.796	216	29	4	189	401	102	314	3.88e-50	200
dme0000027375	hsa0000047639	82.075	212	38	0	190	401	97	308	1.41e-44	182
dme0000027479	hsa0000175711	87.963	108	13	0	3	110	3	110	6.86e-30	128
dme0000027479	hsa0000175635	87.963	108	13	0	3	110	3	110	6.86e-30	128
dme0000028105	hsa0000119285	100.000	29	0	0	449	477	43	71	1.10e-06	54.7
dme0000028105	hsa0000119284	100.000	29	0	0	449	477	46	74	1.10e-06	54.7
dme0000028105	hsa0000119283	100.000	29	0	0	449	477	46	74	1.10e-06	54.7
dme0000028397	hsa0000077693	81.897	116	19	2	91	205	8	122	8.21e-20	97.1
dme0000028659	hsa0000238020	80.169	237	47	0	1074	1310	2	238	2.16e-43	178
dme0000028780	hsa0000038368	83.960	1091	173	2	1	1090	239	1328	0.0	1044
dme0000028780	hsa0000038491	83.685	1091	176	2	1	1090	239	1328	0.0	1027
dme0000028780	hsa0000034721	83.623	1093	173	6	1	1090	239	1328	0.0	1022
dme0000028780	hsa0000035893	83.548	1088	177	2	1	1087	239	1325	0.0	1016
dme0000028780	hsa0000231738	84.055	439	70	0	327	765	1	439	9.25e-118	424
dme0000028780	hsa0000010573	88.715	319	36	0	93	411	1	319	9.38e-108	390
dme0000028780	hsa0000010572	88.308	325	38	0	87	411	1	325	9.38e-108	390
dme0000028780	hsa0000211686	87.346	324	39	2	87	409	1	323	1.22e-101	370
dme0000028780	hsa0000231739	83.376	391	65	0	375	765	1	391	2.05e-99	363
dme0000028780	hsa0000231734	87.917	240	29	0	87	326	1	240	1.64e-75	283
dme0000028780	hsa0000231733	88.426	216	25	0	87	302	1	216	7.68e-69	261
dme0000028780	hsa0000231735	88.263	213	25	0	114	326	1	213	3.57e-67	255
dme0000028780	hsa0000170987	88.194	144	17	0	948	1091	1	144	3.70e-42	172
dme0000028780	hsa0000211692	86.111	144	20	0	948	1091	1	144	3.73e-37	156
dme0000028915	hsa0000088458	85.821	134	17	2	19	151	169	301	1.41e-32	141
dme0000029684	hsa0000226570	79.208	101	21	0	275	375	1	101	5.63e-12	71.3
dme0000030339	hsa0000038368	81.039	1097	208	0	34	1130	232	1328	0.0	874
dme0000030339	hsa0000231738	84.668	437	67	0	367	803	1	437	1.23e-121	436
dme0000030339	hsa0000231739	83.805	389	63	0	415	803	1	389	1.27e-101	370
dme0000030339	hsa0000211686	82.769	325	56	0	127	451	1	325	1.02e-77	291
dme0000030339	hsa0000231734	86.250	240	33	0	127	366	1	240	7.96e-69	261
dme0000030339	hsa0000231735	86.854	213	28	0	154	366	1	213	3.73e-62	239
dme0000030339	hsa0000231733	86.574	216	29	0	127	342	1	216	3.73e-62	239
dme0000030339	hsa0000010575	83.684	190	31	0	616	805	3	192	2.29e-44	180
dme0000030409	hsa0000086527	79.545	572	113	4	7	576	421	990	1.77e-112	405
dme0000031664	hsa0000018218	92.857	42	3	0	80	121	93	134	7.94e-10	62.1
dme0000032364	hsa0000127292	83.333	156	26	0	1500	1655	1	156	1.31e-33	145
dme0000032659	hsa0000208286	93.182	44	3	0	135	178	102	145	1.14e-10	65.8
dme0000032848	hsa0000216114	81.765	170	29	2	3	171	3	171	1.81e-33	141
dme0000033078	hsa0000062873	79.310	232	44	4	1679	1908	24	253	6.47e-38	159
dme0000033461	hsa0000270841	86.106	1058	136	7	221	1274	1	1051	0.0	1129
dme0000033461	hsa0000218322	86.076	1027	137	5	224	1248	6	1028	0.0	1099
dme0000033461	hsa0000216819	86.076	1027	137	5	224	1248	6	1028	0.0	1099
dme0000033461	hsa0000093440	85.769	1040	140	5	229	1264	9	1044	0.0	1094
dme0000033461	hsa0000093476	85.481	1040	143	5	229	1264	9	1044	0.0	1077
dme0000033461	hsa0000270842	86.639	958	117	7	321	1274	9	959	0.0	1050
dme0000033461	hsa0000248605	84.828	1015	150	3	221	1233	1	1013	0.0	1018
dme0000033461	hsa0000135960	84.058	1035	159	5	229	1260	9	1040	0.0	992
dme0000033461	hsa0000270843	87.384	864	98	7	415	1274	1	857	0.0	981
dme0000033461	hsa0000093433	82.212	1040	181	3	223	1260	3	1040	0.0	893
dme0000033461	hsa0000248604	83.765	850	134	3	221	1068	1	848	0.0	802
dme0000033461	hsa0000163562	80.177	1019	191	9	228	1241	9	1021	0.0	752
dme0000033461	hsa0000247935	80.000	1020	191	11	228	1241	9	1021	0.0	741
dme0000033461	hsa0000218321	83.135	504	79	5	224	725	6	505	3.88e-127	455
dme0000033900	hsa0000270828	87.719	57	7	0	1	57	1	57	6.25e-12	67.6
dme0000033900	hsa0000270827	87.719	57	7	0	1	57	103	159	6.25e-12	67.6
dme0000033900	hsa0000270826	87.719	57	7	0	1	57	121	177	6.25e-12	67.6
dme0000033902	hsa0000218322	86.726	113	13	2	133	245	6	116	2.22e-28	124
dme0000033902	hsa0000218321	86.726	113	13	2	133	245	6	116	2.22e-28	124
dme0000033902	hsa0000216819	86.726	113	13	2	133	245	6	116	2.22e-28	124
dme0000033902	hsa0000218320	90.164	61	4	2	133	193	6	64	1.75e-14	78.7
dme0000033903	hsa0000218322	86.726	113	13	2	130	242	6	116	2.19e-28	124
dme0000033903	hsa0000218321	86.726	113	13	2	130	242	6	116	2.19e-28	124
dme0000033903	hsa0000216819	86.726	113	13	2	130	242	6	116	2.19e-28	124
dme0000033903	hsa0000218320	90.164	61	4	2	130	190	6	64	1.73e-14	78.7
dme0000033904	hsa0000093440	87.735	905	105	5	1	902	117	1018	0.0	1051
dme0000033904	hsa0000093476	87.403	905	108	5	1	902	117	1018	0.0	1035
dme0000033904	hsa0000270842	86.928	918	109	8	1	911	25	938	0.0	1020
dme0000033904	hsa0000270841	86.928	918	109	8	1	911	117	1030	0.0	1020
dme0000033904	hsa0000218322	87.019	909	112	5	1	906	117	1022	0.0	1020
dme0000033904	hsa0000216819	87.019	909	112	5	1	906	117	1022	0.0	1020
dme0000033904	hsa0000248605	86.784	908	112	7	1	904	117	1020	0.0	1005
dme0000033904	hsa0000270843	87.024	840	98	8	79	911	1	836	0.0	937
dme0000033904	hsa0000135960	83.608	909	143	6	1	906	117	1022	0.0	848
dme0000033904	hsa0000093433	82.088	910	155	7	1	906	117	1022	0.0	771
dme0000033904	hsa0000248604	85.190	736	101	7	1	732	117	848	0.0	749
dme0000033904	hsa0000163562	78.775	914	178	14	1	906	117	1022	1.25e-170	599
dme0000033904	hsa0000247935	78.446	914	181	15	1	906	117	1022	1.26e-165	582
dme0000034744	hsa0000044772	94.595	37	2	0	114	150	154	190	3.80e-07	58.4
dme0000034744	hsa0000044771	94.595	37	2	0	114	150	154	190	3.80e-07	58.4
dme0000034744	hsa0000044770	94.595	37	2	0	114	150	157	193	3.80e-07	58.4
dme0000036010	hsa0000007225	88.043	92	11	0	73	164	25	116	4.01e-24	110
dme0000036010	hsa0000007224	88.043	92	11	0	73	164	100	191	4.01e-24	110
dme0000036038	hsa0000138345	79.231	130	25	2	1	129	1	129	4.64e-18	89.8
dme0000036119	hsa0000147709	84.706	85	11	2	1163	1246	13	96	2.32e-15	84.2
dme0000036176	hsa0000256537	89.062	64	7	0	4	67	4	67	3.69e-15	80.5
dme0000036233	hsa0000190468	94.737	38	2	0	1	38	162	199	2.04e-08	60.2
dme0000036489	hsa0000196146	94.444	36	2	0	56	91	63	98	8.66e-08	56.5
dme0000037412	hsa0000048234	84.921	126	17	2	65	189	160	284	6.29e-29	126
dme0000038778	hsa0000196146	94.286	35	2	0	65	99	65	99	3.21e-07	54.7
dme0000039667	hsa0000180479	81.818	220	40	0	1882	2101	1	220	9.50e-46	185
dme0000039717	hsa0000273096	100.000	29	0	0	4	32	69	97	5.87e-07	54.7
dme0000039717	hsa0000273095	100.000	29	0	0	4	32	88	116	5.87e-07	54.7
dme0000040061	hsa0000195227	92.000	50	4	0	455	504	3	52	2.44e-11	71.3
dme0000040728	hsa0000180435	80.702	114	20	2	483	595	2	114	9.57e-17	87.9
dme0000041111	hsa0000189912	80.882	136	24	2	1	135	1	135	4.06e-23	106
dme0000041893	hsa0000107753	100.000	32	0	0	1	32	1	32	1.58e-08	60.2
dme0000042082	hsa0000154959	82.550	149	26	0	295	443	58	206	2.49e-30	132
dme0000042082	hsa0000154958	82.550	149	26	0	295	443	66	214	2.49e-30	132
dme0000042083	hsa0000154960	80.672	119	23	0	5	123	5	123	2.96e-19	93.5
dme0000042363	hsa0000268594	84.507	71	11	0	1492	1562	8	78	4.24e-11	71.3
dme0000042477	hsa0000238087	81.421	183	34	0	522	704	9	191	1.68e-35	150
dme0000043225	hsa0000154012	91.525	59	5	0	131	189	1	59	2.63e-15	82.4
dme0000043225	hsa0000154013	100.000	32	0	0	158	189	10	41	1.23e-08	60.2
dme0000043439	hsa0000060608	87.671	73	7	2	223	294	56	127	5.90e-16	84.2
dme0000043574	hsa0000188855	81.657	169	26	5	3	168	727	893	9.66e-32	135
dme0000043575	hsa0000068428	79.618	157	31	1	8	163	760	916	1.10e-24	111
dme0000043576	hsa0000068428	79.618	157	31	1	2	157	760	916	1.05e-24	111
dme0000044169	hsa0000276401	86.029	136	17	2	145	279	2	136	1.05e-33	145
dme0000044169	hsa0000276409	89.381	113	12	0	1162	1274	4	116	3.78e-33	143
dme0000044169	hsa0000276404	77.640	161	36	0	778	938	59	219	8.30e-20	99.0
dme0000044234	hsa0000276749	80.342	117	21	2	674	789	3	118	1.33e-16	87.9
dme0000044677	hsa0000080086	91.892	37	3	0	241	277	64	28	1.68e-06	52.8
dme0000044677	hsa0000080085	91.892	37	3	0	241	277	64	28	1.68e-06	52.8
dme0000045692	hsa0000268729	79.646	226	34	10	4	223	4	223	1.49e-36	152
dme0000045692	hsa0000021051	82.099	162	25	4	71	230	71	230	1.50e-31	135
dme0000045692	hsa0000202233	81.579	152	24	4	71	220	71	220	1.17e-27	122
dme0000046526	hsa0000134640	100.000	29	0	0	1	29	32	60	1.68e-07	54.7
dme0000046832	hsa0000257005	100.000	30	0	0	268	297	119	148	2.94e-07	56.5
dme0000046878	hsa0000140035	90.000	50	5	0	154	203	22	71	1.12e-10	65.8
dme0000046879	hsa0000140035	90.000	50	5	0	67	116	22	71	5.95e-11	65.8
dme0000047239	hsa0000226201	89.744	78	8	0	127	204	2	79	4.70e-21	100
dme0000047947	hsa0000257591	96.875	32	1	0	244	275	113	144	5.15e-07	54.7
dme0000047947	hsa0000257591	92.105	38	2	1	241	278	116	152	1.85e-06	52.8
dme0000048229	hsa0000234517	81.778	686	121	4	913	1596	1	684	4.59e-162	571
dme0000048229	hsa0000234517	81.659	687	120	6	685	1368	1	684	2.14e-160	566
dme0000048229	hsa0000234517	81.514	687	121	6	1	684	1	684	9.94e-159	560
dme0000048229	hsa0000234517	81.514	687	121	6	229	912	1	684	9.94e-159	560
dme0000048229	hsa0000234517	81.368	687	122	6	457	1140	1	684	4.62e-157	555
dme0000048229	hsa0000234517	82.057	457	80	2	1	456	229	684	4.96e-107	388
dme0000048229	hsa0000234517	81.838	457	79	4	1141	1595	1	455	8.30e-105	381
dme0000048229	hsa0000234517	82.018	228	39	2	1369	1595	1	227	4.18e-48	193
dme0000048229	hsa0000234516	81.190	622	111	6	229	847	1	619	2.84e-139	496
dme0000048229	hsa0000234516	81.190	622	111	6	685	1303	1	619	2.84e-139	496
dme0000048229	hsa0000234516	81.159	621	113	4	913	1531	1	619	2.84e-139	496
dme0000048229	hsa0000234516	81.029	622	112	6	1	619	1	619	1.32e-137	490
dme0000048229	hsa0000234516	81.178	611	109	6	457	1064	1	608	1.71e-136	486
dme0000048229	hsa0000234516	81.838	457	79	4	1141	1595	1	455	8.30e-105	381
dme0000048229	hsa0000234516	81.122	392	72	2	1	391	229	619	3.07e-84	313
dme0000048229	hsa0000234516	82.018	228	39	2	1369	1595	1	227	4.18e-48	193
dme0000048229	hsa0000234515	82.971	276	45	2	229	503	1	275	8.79e-65	248
dme0000048229	hsa0000234515	82.971	276	45	2	457	731	1	275	8.79e-65	248
dme0000048229	hsa0000234515	82.971	276	45	2	685	959	1	275	8.79e-65	248
dme0000048229	hsa0000234515	82.971	276	45	2	1141	1415	1	275	8.79e-65	248
dme0000048229	hsa0000234515	82.963	270	44	2	1	269	1	269	4.09e-63	243
dme0000048229	hsa0000234515	82.018	228	39	2	1369	1595	1	227	4.18e-48	193
dme0000048229	hsa0000234514	82.273	220	37	2	229	447	1	219	5.40e-47	189
dme0000048229	hsa0000234514	82.273	220	37	2	1369	1587	1	219	5.40e-47	189
dme0000048229	hsa0000234514	81.818	220	38	2	1	219	1	219	2.51e-45	183
dme0000048229	hsa0000234514	81.818	220	38	2	457	675	1	219	2.51e-45	183
dme0000048229	hsa0000234514	81.818	220	38	2	685	903	1	219	2.51e-45	183
dme0000048229	hsa0000234514	81.818	220	38	2	1141	1359	1	219	2.51e-45	183
dme0000048229	hsa0000272832	84.615	104	14	2	229	331	1	103	7.24e-21	102
dme0000048301	hsa0000261725	83.511	376	58	4	1790	2163	118	491	1.14e-94	348
dme0000048301	hsa0000261726	83.427	356	55	4	1810	2163	1	354	1.48e-88	327
dme0000048560	hsa0000234517	79.908	433	85	2	457	888	1	432	1.34e-85	316
dme0000048560	hsa0000234517	80.392	204	40	0	685	888	1	204	3.08e-37	156
dme0000048560	hsa0000234516	79.908	433	85	2	457	888	1	432	1.34e-85	316
dme0000048560	hsa0000234516	80.392	204	40	0	685	888	1	204	3.08e-37	156
dme0000048560	hsa0000234515	80.392	204	40	0	685	888	1	204	3.08e-37	156
dme0000048560	hsa0000234514	80.392	204	40	0	685	888	1	204	3.08e-37	156
dme0000048560	hsa0000272832	83.654	104	15	2	457	559	1	103	1.89e-19	97.1
dme0000048560	hsa0000272832	82.353	102	16	2	685	785	1	101	1.14e-16	87.9
dme0000048756	hsa0000226201	89.744	78	8	0	1266	1343	2	79	2.34e-20	100
dme0000048928	hsa0000108672	87.692	65	7	1	10	74	11	74	1.99e-13	75.0
dme0000048928	hsa0000108669	87.692	65	7	1	10	74	11	74	1.99e-13	75.0
dme0000048928	hsa0000108670	90.385	52	5	0	23	74	2	53	9.27e-12	69.4
dme0000048960	hsa0000252888	81.905	210	34	3	343	550	1	208	1.02e-42	174
dme0000048961	hsa0000252888	81.905	210	34	3	232	439	1	208	9.14e-43	174
dme0000049453	hsa0000160184	76.705	176	37	4	289	462	1	174	4.58e-18	95.3
dme0000049714	hsa0000121088	82.203	236	38	4	572	805	3	236	1.68e-50	200
dme0000049714	hsa0000121075	89.855	69	7	0	83	151	83	151	3.79e-17	89.8
dme0000049714	hsa0000121074	89.855	69	7	0	83	151	86	154	3.79e-17	89.8
dme0000049714	hsa0000121087	97.059	34	1	0	572	605	3	36	1.07e-07	58.4
dme0000050249	hsa0000038368	85.064	1098	162	2	34	1130	232	1328	0.0	1118
dme0000050249	hsa0000035893	84.840	1095	164	2	34	1127	232	1325	0.0	1101
dme0000050249	hsa0000038491	84.699	1098	166	2	34	1130	232	1328	0.0	1096
dme0000050249	hsa0000034721	84.636	1100	163	5	34	1130	232	1328	0.0	1090
dme0000050249	hsa0000211686	86.997	323	42	0	127	449	1	323	5.90e-100	364
dme0000050249	hsa0000010573	86.834	319	42	0	133	451	1	319	9.87e-98	357
dme0000050249	hsa0000010572	86.462	325	44	0	127	451	1	325	9.87e-98	357
dme0000050249	hsa0000104999	91.667	240	20	0	127	366	1	240	1.66e-90	333
dme0000050249	hsa0000104997	91.667	240	20	0	127	366	1	240	1.66e-90	333
dme0000050249	hsa0000104998	91.880	234	19	0	133	366	1	234	7.74e-89	327
dme0000050249	hsa0000231734	90.833	240	22	0	127	366	1	240	3.60e-87	322
dme0000050249	hsa0000231733	91.204	216	19	0	127	342	1	216	7.85e-79	294
dme0000050249	hsa0000231735	91.080	213	19	0	154	366	1	213	3.65e-77	289
dme0000050249	hsa0000104996	90.270	185	18	0	127	311	1	185	2.88e-63	243
dme0000050249	hsa0000104995	89.759	166	17	0	127	292	1	166	2.26e-54	213
dme0000050249	hsa0000105010	90.909	143	13	0	988	1130	1	143	2.95e-48	193
dme0000050249	hsa0000010577	90.909	143	13	0	988	1130	1	143	2.95e-48	193
dme0000050249	hsa0000170987	88.889	144	16	0	988	1131	1	144	8.25e-44	178
dme0000050249	hsa0000106128	90.698	43	4	0	1053	1095	3	45	1.12e-07	58.4
dme0000050630	hsa0000250060	82.895	152	26	0	193	344	3	154	5.05e-32	137
dme0000050958	hsa0000134640	83.425	181	28	2	338	517	1	180	2.41e-40	167
dme0000051134	hsa0000181560	76.022	367	85	3	1	364	1	367	4.38e-47	187
dme0000051134	hsa0000181561	77.821	257	56	1	108	364	1	256	3.44e-38	158
dme0000051310	hsa0000040758	89.412	85	8	1	342	426	79	162	1.72e-22	106
dme0000051394	hsa0000181560	76.022	367	85	3	1	364	1	367	4.38e-47	187
dme0000051394	hsa0000181561	77.821	257	56	1	108	364	1	256	3.44e-38	158
dme0000051458	hsa0000181560	76.022	367	85	3	1	364	1	367	4.38e-47	187
dme0000051458	hsa0000181561	77.821	257	56	1	108	364	1	256	3.44e-38	158
dme0000051494	hsa0000015887	79.779	272	55	0	94	365	103	374	2.01e-50	198
dme0000051494	hsa0000108211	86.813	91	12	0	275	365	140	230	1.62e-21	102
dme0000051782	hsa0000181560	76.022	367	85	3	1	364	1	367	4.38e-47	187
dme0000051782	hsa0000181561	77.821	257	56	1	108	364	1	256	3.44e-38	158
dme0000051820	hsa0000181560	76.022	367	85	3	1	364	1	367	4.38e-47	187
dme0000051820	hsa0000181561	77.821	257	56	1	108	364	1	256	3.44e-38	158
dme0000051965	hsa0000181560	76.022	367	85	3	1	364	1	367	4.38e-47	187
dme0000051965	hsa0000181561	77.821	257	56	1	108	364	1	256	3.44e-38	158
dme0000052106	hsa0000087181	82.000	100	16	2	10	108	10	108	8.73e-16	84.2
dme0000052107	hsa0000087181	82.000	100	16	2	10	108	10	108	9.29e-16	84.2
dme0000052461	hsa0000015887	79.779	272	55	0	94	365	103	374	2.01e-50	198
dme0000052461	hsa0000108211	86.813	91	12	0	275	365	140	230	1.62e-21	102
dme0000052523	hsa0000181560	76.022	367	85	3	1	364	1	367	4.38e-47	187
dme0000052523	hsa0000181561	77.821	257	56	1	108	364	1	256	3.44e-38	158
dme0000052545	hsa0000181560	76.022	367	85	3	1	364	1	367	4.38e-47	187
dme0000052545	hsa0000181561	77.821	257	56	1	108	364	1	256	3.44e-38	158
dme0000052673	hsa0000015887	79.779	272	55	0	94	365	103	374	2.01e-50	198
dme0000052673	hsa0000108211	86.813	91	12	0	275	365	140	230	1.62e-21	102
dme0000052821	hsa0000015887	79.779	272	55	0	94	365	103	374	2.01e-50	198
dme0000052821	hsa0000108211	86.813	91	12	0	275	365	140	230	1.62e-21	102
dme0000052933	hsa0000181560	76.022	367	85	3	1	364	1	367	4.38e-47	187
dme0000052933	hsa0000181561	77.821	257	56	1	108	364	1	256	3.44e-38	158
dme0000052972	hsa0000137809	87.342	158	18	2	26	182	10	166	3.35e-45	180
dme0000052972	hsa0000137808	87.342	158	18	2	26	182	76	232	3.35e-45	180
dme0000052972	hsa0000137807	87.342	158	18	2	26	182	106	262	3.35e-45	180
dme0000052973	hsa0000137810	86.145	166	23	0	3	168	3	168	7.75e-45	180
dme0000053278	hsa0000053662	86.022	93	13	0	291	383	5	97	1.00e-20	100
dme0000053320	hsa0000215280	83.333	126	21	0	205	330	64	189	1.60e-25	117
dme0000053411	hsa0000015887	79.779	272	55	0	94	365	103	374	2.01e-50	198
dme0000053411	hsa0000108211	86.813	91	12	0	275	365	140	230	1.62e-21	102
dme0000053653	hsa0000205834	81.731	104	17	2	314	416	6	108	1.92e-16	86.1
dme0000054032	hsa0000088873	79.565	230	44	3	652	878	779	1008	9.54e-39	161
dme0000054747	hsa0000015887	79.779	272	55	0	94	365	103	374	2.01e-50	198
dme0000054747	hsa0000108211	86.813	91	12	0	275	365	140	230	1.62e-21	102
dme0000054814	hsa0000253957	76.389	144	32	2	66	208	66	208	6.08e-14	76.8
dme0000054814	hsa0000253956	76.389	144	32	2	66	208	66	208	6.08e-14	76.8
dme0000054833	hsa0000015887	79.779	272	55	0	94	365	103	374	2.01e-50	198
dme0000054833	hsa0000108211	86.813	91	12	0	275	365	140	230	1.62e-21	102
dme0000054998	hsa0000015887	79.779	272	55	0	94	365	103	374	2.01e-50	198
dme0000054998	hsa0000108211	86.813	91	12	0	275	365	140	230	1.62e-21	102
dme0000056138	hsa0000015887	79.779	272	55	0	94	365	103	374	2.01e-50	198
dme0000056138	hsa0000108211	86.813	91	12	0	275	365	140	230	1.62e-21	102
dme0000056162	hsa0000104819	88.889	108	12	0	205	312	40	147	1.42e-30	134
dme0000056162	hsa0000104818	88.889	108	12	0	205	312	45	152	1.42e-30	134
dme0000056231	hsa0000015887	79.779	272	55	0	94	365	103	374	2.01e-50	198
dme0000056231	hsa0000108211	86.813	91	12	0	275	365	140	230	1.62e-21	102
dme0000056680	hsa0000208405	83.974	156	22	1	2	157	111	263	2.99e-35	147
dme0000056924	hsa0000181560	76.022	367	85	3	1	364	1	367	4.38e-47	187
dme0000056924	hsa0000181561	77.821	257	56	1	108	364	1	256	3.44e-38	158
dme0000057050	hsa0000015887	79.779	272	55	0	94	365	103	374	2.01e-50	198
dme0000057050	hsa0000108211	86.813	91	12	0	275	365	140	230	1.62e-21	102
dme0000057199	hsa0000181560	76.022	367	85	3	1	364	1	367	4.38e-47	187
dme0000057199	hsa0000181561	77.821	257	56	1	108	364	1	256	3.44e-38	158
dme0000057243	hsa0000015887	79.779	272	55	0	94	365	103	374	2.01e-50	198
dme0000057243	hsa0000108211	86.813	91	12	0	275	365	140	230	1.62e-21	102
dme0000057331	hsa0000049393	83.582	201	31	2	1234	1433	3	202	2.21e-46	187
dme0000057332	hsa0000049393	83.582	201	31	2	1222	1421	3	202	2.20e-46	187
dme0000057333	hsa0000049393	83.582	201	31	2	1234	1433	3	202	2.37e-46	187
dme0000057334	hsa0000049393	83.582	201	31	2	1234	1433	3	202	2.53e-46	187
dme0000057373	hsa0000015887	79.779	272	55	0	94	365	103	374	2.01e-50	198
dme0000057373	hsa0000108211	86.813	91	12	0	275	365	140	230	1.62e-21	102
dme0000057393	hsa0000181560	76.022	367	85	3	1	364	1	367	4.38e-47	187
dme0000057393	hsa0000181561	77.821	257	56	1	108	364	1	256	3.44e-38	158
dme0000057510	hsa0000181560	76.022	367	85	3	1	364	1	367	4.38e-47	187
dme0000057510	hsa0000181561	77.821	257	56	1	108	364	1	256	3.44e-38	158
dme0000057962	hsa0000015887	79.779	272	55	0	94	365	103	374	2.01e-50	198
dme0000057962	hsa0000108211	86.813	91	12	0	275	365	140	230	1.62e-21	102
dme0000057992	hsa0000015887	79.779	272	55	0	94	365	103	374	2.01e-50	198
dme0000057992	hsa0000108211	86.813	91	12	0	275	365	140	230	1.62e-21	102
dme0000058067	hsa0000181560	76.022	367	85	3	1	364	1	367	4.38e-47	187
dme0000058067	hsa0000181561	77.821	257	56	1	108	364	1	256	3.44e-38	158
dme0000058250	hsa0000014163	90.698	129	12	0	1	129	283	411	3.73e-43	172
dme0000058250	hsa0000014117	90.698	129	12	0	1	129	283	411	3.73e-43	172
dme0000058354	hsa0000201344	87.129	101	13	0	296	396	612	712	3.25e-25	115
dme0000058355	hsa0000201344	87.129	101	13	0	37	137	612	712	1.70e-25	115
dme0000058547	hsa0000147489	87.500	112	12	2	554	664	40	150	7.20e-29	128
dme0000058610	hsa0000015887	79.779	272	55	0	94	365	103	374	2.01e-50	198
dme0000058610	hsa0000108211	86.813	91	12	0	275	365	140	230	1.62e-21	102
dme0000058676	hsa0000015887	79.779	272	55	0	94	365	103	374	2.01e-50	198
dme0000058676	hsa0000108211	86.813	91	12	0	275	365	140	230	1.62e-21	102
dme0000058902	hsa0000032198	83.240	179	24	6	57	232	6	181	5.98e-39	159
dme0000059007	hsa0000181560	76.022	367	85	3	1	364	1	367	4.38e-47	187
dme0000059007	hsa0000181561	77.821	257	56	1	108	364	1	256	3.44e-38	158
dme0000059044	hsa0000112929	85.135	74	11	0	508	581	23	96	3.52e-13	76.8
dme0000059055	hsa0000085581	100.000	30	0	0	436	465	49	78	4.19e-07	56.5
dme0000059181	hsa0000015887	79.779	272	55	0	94	365	103	374	2.01e-50	198
dme0000059181	hsa0000108211	86.813	91	12	0	275	365	140	230	1.62e-21	102
dme0000059244	hsa0000015887	79.779	272	55	0	94	365	103	374	2.01e-50	198
dme0000059244	hsa0000108211	86.813	91	12	0	275	365	140	230	1.62e-21	102
dme0000059491	hsa0000181560	76.022	367	85	3	1	364	1	367	4.38e-47	187
dme0000059491	hsa0000181561	77.821	257	56	1	108	364	1	256	3.44e-38	158
dme0000059601	hsa0000015887	79.779	272	55	0	94	365	103	374	2.01e-50	198
dme0000059601	hsa0000108211	86.813	91	12	0	275	365	140	230	1.62e-21	102
dme0000059657	hsa0000181560	76.022	367	85	3	1	364	1	367	4.38e-47	187
dme0000059657	hsa0000181561	77.821	257	56	1	108	364	1	256	3.44e-38	158
dme0000059905	hsa0000015887	79.779	272	55	0	94	365	103	374	2.01e-50	198
dme0000059905	hsa0000108211	86.813	91	12	0	275	365	140	230	1.62e-21	102
dme0000059981	hsa0000181560	76.022	367	85	3	1	364	1	367	4.38e-47	187
dme0000059981	hsa0000181561	77.821	257	56	1	108	364	1	256	3.44e-38	158
dme0000060895	hsa0000148292	100.000	30	0	0	82	111	110	139	5.92e-08	56.5
dme0000060897	hsa0000115902	100.000	31	0	0	145	175	262	292	2.18e-08	58.4
dme0000060897	hsa0000249240	100.000	29	0	0	146	174	64	36	2.82e-07	54.7
dme0000060915	hsa0000235730	79.327	208	43	0	458	665	1	208	2.71e-34	147
dme0000060915	hsa0000235729	78.351	194	42	0	458	651	1	194	3.54e-28	126
dme0000060915	hsa0000020719	77.033	209	46	2	458	665	1	208	5.92e-26	119
dme0000060915	hsa0000235728	80.000	135	27	0	458	592	1	135	2.14e-20	100
dme0000060915	hsa0000175805	75.355	211	46	6	458	665	1	208	2.77e-19	97.1
dme0000060915	hsa0000020718	78.723	141	28	2	458	597	1	140	3.59e-18	93.5
dme0000060915	hsa0000020717	85.294	68	10	0	458	525	1	68	1.68e-11	71.3
dme0000060916	hsa0000235730	79.327	208	43	0	445	652	1	208	2.69e-34	147
dme0000060916	hsa0000235729	78.351	194	42	0	445	638	1	194	3.50e-28	126
dme0000060916	hsa0000020719	77.033	209	46	2	445	652	1	208	5.86e-26	119
dme0000060916	hsa0000235728	80.000	135	27	0	445	579	1	135	2.12e-20	100
dme0000060916	hsa0000175805	75.355	211	46	6	445	652	1	208	2.74e-19	97.1
dme0000060916	hsa0000020718	78.723	141	28	2	445	584	1	140	3.55e-18	93.5
dme0000060916	hsa0000020717	85.294	68	10	0	445	512	1	68	1.66e-11	71.3
dme0000061025	hsa0000181560	76.022	367	85	3	1	364	1	367	4.38e-47	187
dme0000061025	hsa0000181561	77.821	257	56	1	108	364	1	256	3.44e-38	158
dme0000061133	hsa0000065374	94.595	37	0	2	138	173	336	371	1.68e-07	56.5
dme0000061166	hsa0000015887	79.779	272	55	0	94	365	103	374	2.01e-50	198
dme0000061166	hsa0000108211	86.813	91	12	0	275	365	140	230	1.62e-21	102
dme0000061275	hsa0000272837	85.714	105	15	0	191	295	1	105	2.81e-24	111
dme0000061275	hsa0000272836	85.437	103	15	0	191	293	1	103	3.63e-23	108
dme0000061489	hsa0000015887	79.779	272	55	0	94	365	103	374	2.01e-50	198
dme0000061489	hsa0000108211	86.813	91	12	0	275	365	140	230	1.62e-21	102
dme0000061610	hsa0000088873	81.863	204	34	3	1111	1312	809	1011	7.15e-41	169
dme0000061961	hsa0000003298	84.298	121	19	0	469	589	1	121	3.04e-26	119
dme0000062134	hsa0000181560	76.022	367	85	3	1	364	1	367	4.38e-47	187
dme0000062134	hsa0000181561	77.821	257	56	1	108	364	1	256	3.44e-38	158
