hsa0000003298	dme0000061961	84.298	121	19	0	1	121	469	589	3.04e-27	119
hsa0000006332	dme0000015397	78.373	1549	325	10	38	1581	32	1575	0.0	996
hsa0000006332	dme0000009215	75.000	1520	359	20	28	1535	13	1523	0.0	682
hsa0000006332	dme0000007920	75.000	1520	359	20	28	1535	13	1523	0.0	682
hsa0000007224	dme0000036010	88.043	92	11	0	100	191	73	164	2.95e-24	110
hsa0000007225	dme0000036010	88.043	92	11	0	25	116	73	164	1.67e-24	110
hsa0000010572	dme0000020080	89.571	326	32	2	1	325	127	451	3.57e-115	412
hsa0000010572	dme0000028780	88.308	325	38	0	1	325	87	411	1.67e-108	390
hsa0000010572	dme0000005903	87.692	325	40	0	1	325	127	451	3.62e-105	379
hsa0000010572	dme0000010620	87.385	325	41	0	1	325	127	451	1.68e-103	374
hsa0000010572	dme0000050249	86.462	325	44	0	1	325	127	451	1.70e-98	357
hsa0000010573	dme0000020080	89.688	320	31	2	1	319	133	451	1.63e-113	407
hsa0000010573	dme0000028780	88.715	319	36	0	1	319	93	411	1.64e-108	390
hsa0000010573	dme0000005903	88.088	319	38	0	1	319	133	451	3.55e-105	379
hsa0000010573	dme0000010620	87.461	319	40	0	1	319	133	451	7.68e-102	368
hsa0000010573	dme0000050249	86.834	319	42	0	1	319	133	451	1.66e-98	357
hsa0000010575	dme0000020080	88.172	186	22	0	3	188	616	801	3.61e-58	222
hsa0000010575	dme0000005903	87.097	186	24	0	3	188	616	801	7.82e-55	211
hsa0000010575	dme0000030339	83.684	190	31	0	3	192	616	805	2.21e-45	180
hsa0000010577	dme0000050249	90.909	143	13	0	1	143	988	1130	2.05e-49	193
hsa0000010577	dme0000005904	87.143	140	18	0	1	140	63	202	2.08e-39	159
hsa0000013261	dme0000011077	85.811	148	19	2	730	876	1362	1508	1.88e-37	156
hsa0000013262	dme0000011077	85.811	148	19	2	642	788	1362	1508	1.69e-37	156
hsa0000014117	dme0000058250	90.698	129	12	0	283	411	1	129	8.47e-43	172
hsa0000014121	dme0000006433	87.395	119	15	0	181	299	1	119	2.30e-32	137
hsa0000014147	dme0000006433	87.395	119	15	0	181	299	1	119	2.30e-32	137
hsa0000014163	dme0000058250	90.698	129	12	0	283	411	1	129	8.47e-43	172
hsa0000015887	dme0000061489	79.779	272	55	0	103	374	94	365	1.29e-50	198
hsa0000015887	dme0000061166	79.779	272	55	0	103	374	94	365	1.29e-50	198
hsa0000015887	dme0000059905	79.779	272	55	0	103	374	94	365	1.29e-50	198
hsa0000015887	dme0000059601	79.779	272	55	0	103	374	94	365	1.29e-50	198
hsa0000015887	dme0000059244	79.779	272	55	0	103	374	94	365	1.29e-50	198
hsa0000015887	dme0000059181	79.779	272	55	0	103	374	94	365	1.29e-50	198
hsa0000015887	dme0000058676	79.779	272	55	0	103	374	94	365	1.29e-50	198
hsa0000015887	dme0000058610	79.779	272	55	0	103	374	94	365	1.29e-50	198
hsa0000015887	dme0000057992	79.779	272	55	0	103	374	94	365	1.29e-50	198
hsa0000015887	dme0000057962	79.779	272	55	0	103	374	94	365	1.29e-50	198
hsa0000015887	dme0000057373	79.779	272	55	0	103	374	94	365	1.29e-50	198
hsa0000015887	dme0000057243	79.779	272	55	0	103	374	94	365	1.29e-50	198
hsa0000015887	dme0000057050	79.779	272	55	0	103	374	94	365	1.29e-50	198
hsa0000015887	dme0000056231	79.779	272	55	0	103	374	94	365	1.29e-50	198
hsa0000015887	dme0000056138	79.779	272	55	0	103	374	94	365	1.29e-50	198
hsa0000015887	dme0000054998	79.779	272	55	0	103	374	94	365	1.29e-50	198
hsa0000015887	dme0000054833	79.779	272	55	0	103	374	94	365	1.29e-50	198
hsa0000015887	dme0000054747	79.779	272	55	0	103	374	94	365	1.29e-50	198
hsa0000015887	dme0000053411	79.779	272	55	0	103	374	94	365	1.29e-50	198
hsa0000015887	dme0000052821	79.779	272	55	0	103	374	94	365	1.29e-50	198
hsa0000015887	dme0000052673	79.779	272	55	0	103	374	94	365	1.29e-50	198
hsa0000015887	dme0000052461	79.779	272	55	0	103	374	94	365	1.29e-50	198
hsa0000015887	dme0000051494	79.779	272	55	0	103	374	94	365	1.29e-50	198
hsa0000016644	dme0000019121	81.818	143	26	0	1	143	882	1024	1.01e-27	121
hsa0000016645	dme0000019121	86.250	80	11	0	4	83	945	1024	5.40e-18	87.9
hsa0000018218	dme0000031664	92.857	42	3	0	93	134	80	121	5.54e-10	62.1
hsa0000020372	dme0000003579	83.158	95	16	0	14	108	17	111	1.02e-17	87.9
hsa0000020717	dme0000060916	85.294	68	10	0	1	68	445	512	4.04e-13	71.3
hsa0000020717	dme0000060915	85.294	68	10	0	1	68	458	525	4.04e-13	71.3
hsa0000020718	dme0000060916	78.723	141	28	2	1	140	445	584	2.09e-19	93.5
hsa0000020718	dme0000060915	78.723	141	28	2	1	140	458	597	2.09e-19	93.5
hsa0000020719	dme0000060916	77.033	209	46	2	1	208	445	652	5.77e-27	119
hsa0000020719	dme0000060915	77.033	209	46	2	1	208	458	665	5.77e-27	119
hsa0000021051	dme0000045692	82.099	162	25	4	71	230	71	230	5.96e-32	135
hsa0000021588	dme0000021877	91.525	59	5	0	71	129	1627	1685	4.56e-16	82.4
hsa0000025477	dme0000022977	84.416	77	10	2	35	109	34	110	6.16e-14	75.0
hsa0000026323	dme0000024117	81.522	460	81	4	736	1193	631	1088	2.05e-103	375
hsa0000026323	dme0000024116	81.522	460	81	4	736	1193	631	1088	2.05e-103	375
hsa0000026323	dme0000024115	81.522	460	81	4	736	1193	631	1088	2.05e-103	375
hsa0000026323	dme0000024114	81.522	460	81	4	736	1193	631	1088	2.05e-103	375
hsa0000027165	dme0000013143	96.875	32	1	0	37	68	37	68	8.61e-08	54.7
hsa0000030926	dme0000011511	88.679	53	6	0	2	54	242	294	1.38e-11	65.8
hsa0000031385	dme0000003312	77.830	212	43	4	27	236	18	227	1.03e-29	128
hsa0000031939	dme0000009021	83.744	203	33	0	19	221	19	221	3.35e-49	193
hsa0000031941	dme0000011427	85.316	681	100	0	1	681	373	1053	0.0	704
hsa0000031941	dme0000012771	84.164	682	106	2	1	681	376	1056	0.0	660
hsa0000031941	dme0000009022	82.008	528	95	0	154	681	1	528	5.90e-126	449
hsa0000032198	dme0000058902	83.240	179	24	6	6	181	57	232	9.60e-39	159
hsa0000032534	dme0000009021	83.251	203	34	0	19	221	19	221	1.56e-47	187
hsa0000032536	dme0000012771	84.018	682	107	2	1	681	376	1056	0.0	654
hsa0000032536	dme0000009022	82.955	528	90	0	154	681	1	528	2.71e-134	477
hsa0000034721	dme0000050249	84.636	1100	163	5	232	1328	34	1130	0.0	1090
hsa0000034721	dme0000028780	83.608	1092	175	4	239	1328	1	1090	0.0	1022
hsa0000034721	dme0000010620	82.640	1106	186	5	226	1328	28	1130	0.0	974
hsa0000034721	dme0000020080	85.128	901	124	7	223	1118	25	920	0.0	913
hsa0000034721	dme0000005904	85.714	189	25	2	1138	1325	15	202	4.67e-50	198
hsa0000035893	dme0000050249	84.840	1095	164	2	232	1325	34	1127	0.0	1101
hsa0000035893	dme0000028780	83.548	1088	177	2	239	1325	1	1087	0.0	1016
hsa0000035893	dme0000010620	82.759	1102	186	3	226	1325	28	1127	0.0	979
hsa0000035893	dme0000020080	85.045	896	134	0	223	1118	25	920	0.0	913
hsa0000035893	dme0000005904	85.714	189	25	2	1138	1325	15	202	4.67e-50	198
hsa0000036584	dme0000003156	81.633	147	19	6	79	221	64	206	2.73e-25	115
hsa0000036584	dme0000003155	81.633	147	19	6	79	221	64	206	2.73e-25	115
hsa0000036584	dme0000003154	81.633	147	19	6	79	221	64	206	2.73e-25	115
hsa0000036584	dme0000003153	81.633	147	19	6	79	221	64	206	2.73e-25	115
hsa0000036584	dme0000006368	88.136	59	7	0	156	214	132	190	6.00e-12	71.3
hsa0000036662	dme0000011427	86.325	468	64	0	1	468	457	924	1.80e-144	510
hsa0000036663	dme0000011427	86.653	959	128	0	4	962	376	1334	0.0	1062
hsa0000036663	dme0000012771	85.532	940	134	2	4	942	379	1317	0.0	981
hsa0000038368	dme0000050249	85.064	1098	162	2	232	1328	34	1130	0.0	1118
hsa0000038368	dme0000028780	83.960	1091	173	2	239	1328	1	1090	0.0	1044
hsa0000038368	dme0000010620	83.002	1106	182	5	226	1328	28	1130	0.0	996
hsa0000038368	dme0000020080	85.491	896	130	0	223	1118	25	920	0.0	935
hsa0000038368	dme0000030339	81.039	1097	208	0	232	1328	34	1130	0.0	874
hsa0000038368	dme0000005903	83.296	898	150	0	226	1123	28	925	0.0	828
hsa0000038368	dme0000005904	85.714	189	25	2	1138	1325	15	202	4.67e-50	198
hsa0000038491	dme0000050249	84.699	1098	166	2	232	1328	34	1130	0.0	1096
hsa0000038491	dme0000028780	83.685	1091	176	2	239	1328	1	1090	0.0	1027
hsa0000038491	dme0000010620	82.731	1106	185	5	226	1328	28	1130	0.0	979
hsa0000038491	dme0000020080	85.317	899	126	3	223	1118	25	920	0.0	924
hsa0000038491	dme0000005904	85.185	189	26	2	1138	1325	15	202	2.17e-48	193
hsa0000040758	dme0000051310	89.412	85	8	1	79	162	342	426	3.15e-23	106
hsa0000045593	dme0000011427	81.869	535	92	4	1	532	373	905	5.93e-125	446
hsa0000045594	dme0000011427	83.333	450	72	2	1	448	457	905	5.02e-115	412
hsa0000046776	dme0000024117	83.906	466	71	4	937	1400	631	1094	2.22e-123	442
hsa0000046776	dme0000024116	83.906	466	71	4	937	1400	631	1094	2.22e-123	442
hsa0000046776	dme0000024115	83.906	466	71	4	937	1400	631	1094	2.22e-123	442
hsa0000046776	dme0000024114	83.906	466	71	4	937	1400	631	1094	2.22e-123	442
hsa0000047639	dme0000027375	82.075	212	38	0	97	308	190	401	6.26e-45	182
hsa0000047639	dme0000027374	82.075	212	38	0	97	308	190	401	6.26e-45	182
hsa0000047639	dme0000027373	82.075	212	38	0	97	308	190	401	6.26e-45	182
hsa0000048234	dme0000037412	84.921	126	17	2	160	284	65	189	5.07e-29	126
hsa0000048529	dme0000000295	100.000	28	0	0	110	137	185	212	3.60e-07	52.8
hsa0000049393	dme0000057334	83.582	201	31	2	3	202	1234	1433	1.85e-47	187
hsa0000049393	dme0000057333	83.582	201	31	2	3	202	1234	1433	1.85e-47	187
hsa0000049393	dme0000057332	83.582	201	31	2	3	202	1222	1421	1.85e-47	187
hsa0000049393	dme0000057331	83.582	201	31	2	3	202	1234	1433	1.85e-47	187
hsa0000053662	dme0000053278	86.022	93	13	0	5	97	291	383	9.43e-22	100
hsa0000060608	dme0000043439	87.671	73	7	2	56	127	223	294	1.64e-16	84.2
hsa0000062873	dme0000033078	79.310	232	44	4	24	253	1679	1908	5.44e-39	159
hsa0000065374	dme0000061133	94.595	37	0	2	336	371	138	173	1.44e-07	56.5
hsa0000068428	dme0000043576	79.618	157	31	1	760	916	2	157	4.42e-24	111
hsa0000068428	dme0000043575	79.618	157	31	1	760	916	8	163	4.42e-24	111
hsa0000068632	dme0000007700	86.111	72	8	2	522	592	561	631	1.51e-13	76.8
hsa0000068632	dme0000007699	86.111	72	8	2	522	592	561	631	1.51e-13	76.8
hsa0000068632	dme0000019171	90.000	50	5	0	544	593	245	294	3.27e-10	65.8
hsa0000068632	dme0000012159	89.362	47	5	0	531	577	159	205	1.52e-08	60.2
hsa0000077693	dme0000028397	81.897	116	19	2	8	122	91	205	2.21e-20	97.1
hsa0000078795	dme0000010032	98.039	51	1	0	1036	1086	123	173	2.80e-17	89.8
hsa0000080223	dme0000024448	86.000	200	27	1	103	301	32	231	4.93e-55	213
hsa0000080223	dme0000024447	86.000	200	27	1	103	301	56	255	4.93e-55	213
hsa0000080223	dme0000018464	83.000	200	33	1	103	301	32	231	5.00e-45	180
hsa0000080770	dme0000013394	84.127	252	40	0	656	907	881	1132	5.90e-64	244
hsa0000080770	dme0000013393	84.127	252	40	0	656	907	1583	1834	5.90e-64	244
hsa0000080770	dme0000013392	84.127	252	40	0	656	907	1583	1834	5.90e-64	244
hsa0000080770	dme0000020730	100.000	34	0	0	848	881	154	187	1.77e-09	63.9
hsa0000082196	dme0000039383	100.000	28	0	0	143	170	2702	2729	1.73e-06	52.8
hsa0000084927	dme0000005797	84.272	426	64	2	98	523	125	547	5.94e-115	412
hsa0000084927	dme0000005796	84.272	426	64	2	98	523	125	547	5.94e-115	412
hsa0000084928	dme0000005797	84.272	426	64	2	81	506	125	547	5.74e-115	412
hsa0000084928	dme0000005796	84.272	426	64	2	81	506	125	547	5.74e-115	412
hsa0000085581	dme0000059055	100.000	30	0	0	49	78	436	465	1.77e-08	56.5
hsa0000086527	dme0000030409	79.581	573	111	4	421	990	7	576	1.93e-112	405
hsa0000087052	dme0000024448	87.975	158	18	1	151	308	68	224	2.82e-46	185
hsa0000087052	dme0000024447	87.975	158	18	1	151	308	92	248	2.82e-46	185
hsa0000087052	dme0000018464	81.152	191	35	1	118	308	35	224	2.86e-36	152
hsa0000087181	dme0000052107	82.000	100	16	2	10	108	10	108	1.70e-16	84.2
hsa0000087181	dme0000052106	82.000	100	16	2	10	108	10	108	1.70e-16	84.2
hsa0000087579	dme0000024448	80.992	121	23	0	64	184	29	149	2.20e-20	97.1
hsa0000087579	dme0000024447	80.992	121	23	0	64	184	53	173	2.20e-20	97.1
hsa0000087581	dme0000024448	84.375	192	30	0	39	230	29	220	6.92e-48	189
hsa0000087581	dme0000024447	84.375	192	30	0	39	230	53	244	6.92e-48	189
hsa0000087581	dme0000018464	83.333	192	30	2	40	230	30	220	5.39e-44	176
hsa0000087582	dme0000024448	84.375	192	30	0	26	217	29	220	6.64e-48	189
hsa0000087582	dme0000024447	84.375	192	30	0	26	217	53	244	6.64e-48	189
hsa0000087582	dme0000018464	83.333	192	30	2	27	217	30	220	5.17e-44	176
hsa0000087612	dme0000012159	78.469	209	45	0	21	229	27	235	3.19e-32	137
hsa0000088456	dme0000026626	81.955	133	16	5	406	531	8	139	2.56e-22	106
hsa0000088458	dme0000028915	85.821	134	17	2	169	301	19	151	8.58e-33	141
hsa0000088873	dme0000024117	80.710	451	83	4	781	1229	631	1079	4.40e-95	348
hsa0000088873	dme0000024116	80.710	451	83	4	781	1229	631	1079	4.40e-95	348
hsa0000088873	dme0000024115	80.710	451	83	4	781	1229	631	1079	4.40e-95	348
hsa0000088873	dme0000024114	80.710	451	83	4	781	1229	631	1079	4.40e-95	348
hsa0000088873	dme0000061610	81.863	204	34	3	809	1011	1111	1312	3.67e-41	169
hsa0000088873	dme0000054032	79.565	230	44	3	779	1008	652	878	6.15e-39	161
hsa0000092375	dme0000009215	72.710	1561	389	34	22	1562	7	1550	3.61e-137	488
hsa0000092375	dme0000007920	72.710	1561	389	34	22	1562	7	1550	3.61e-137	488
hsa0000092375	dme0000019662	84.091	176	28	0	28	203	22	197	1.49e-41	171
hsa0000093433	dme0000033461	82.212	1040	181	3	3	1040	223	1260	0.0	893
hsa0000093433	dme0000033904	82.088	910	155	7	117	1022	1	906	0.0	771
hsa0000093433	dme0000006171	87.147	319	39	2	684	1001	6	323	4.46e-99	361
hsa0000093440	dme0000033461	85.769	1040	140	5	9	1044	229	1264	0.0	1094
hsa0000093440	dme0000033904	87.735	905	105	5	117	1018	1	902	0.0	1051
hsa0000093440	dme0000014108	85.239	901	129	4	117	1015	1	899	0.0	924
hsa0000093440	dme0000006171	89.969	319	32	0	683	1001	5	323	1.22e-114	412
hsa0000093440	dme0000006170	84.906	265	36	4	416	678	3	265	3.61e-70	265
hsa0000093476	dme0000033461	85.481	1040	143	5	9	1044	229	1264	0.0	1077
hsa0000093476	dme0000033904	87.403	905	108	5	117	1018	1	902	0.0	1035
hsa0000093476	dme0000014108	85.128	901	130	4	117	1015	1	899	0.0	918
hsa0000093476	dme0000006171	89.969	319	32	0	683	1001	5	323	1.22e-114	412
hsa0000093476	dme0000006170	84.906	265	36	4	416	678	3	265	3.61e-70	265
hsa0000098026	dme0000004786	96.970	33	1	0	62	94	143	175	2.88e-08	56.5
hsa0000100787	dme0000015397	79.682	1826	347	23	32	1845	32	1845	0.0	1295
hsa0000100787	dme0000009215	76.418	1798	390	31	16	1796	7	1787	0.0	941
hsa0000100787	dme0000007920	76.418	1798	390	31	16	1796	7	1787	0.0	941
hsa0000100787	dme0000019663	77.130	1373	292	22	208	1569	3	1364	0.0	776
hsa0000100787	dme0000019664	77.514	1263	267	17	315	1569	58	1311	0.0	743
hsa0000100787	dme0000019662	83.333	174	28	1	16	188	16	189	3.22e-38	159
hsa0000101160	dme0000026402	77.820	266	51	8	8	269	1449	1710	1.50e-38	158
hsa0000101357	dme0000015397	79.671	1825	349	21	32	1845	32	1845	0.0	1295
hsa0000101357	dme0000009215	76.418	1798	390	31	16	1796	7	1787	0.0	941
hsa0000101357	dme0000007920	76.418	1798	390	31	16	1796	7	1787	0.0	941
hsa0000101357	dme0000019663	77.130	1373	292	22	208	1569	3	1364	0.0	776
hsa0000101357	dme0000019664	77.514	1263	267	17	315	1569	58	1311	0.0	743
hsa0000101357	dme0000019662	83.333	174	28	1	16	188	16	189	3.22e-38	159
hsa0000103264	dme0000004363	94.737	38	2	0	10	47	1	38	2.88e-09	60.2
hsa0000103775	dme0000011876	92.308	52	4	0	2	53	179	230	5.91e-14	75.0
hsa0000104818	dme0000056162	88.889	108	12	0	45	152	205	312	1.35e-31	134
hsa0000104819	dme0000056162	88.889	108	12	0	40	147	205	312	1.30e-31	134
hsa0000104992	dme0000020080	86.957	69	9	0	19	87	22	90	3.25e-15	78.7
hsa0000104993	dme0000020080	84.762	105	16	0	19	123	22	126	2.28e-23	106
hsa0000104995	dme0000050249	89.759	166	17	0	1	166	127	292	1.86e-55	213
hsa0000104996	dme0000050249	90.270	185	18	0	1	185	127	311	2.68e-64	243
hsa0000104997	dme0000050249	91.667	240	20	0	1	240	127	366	2.05e-91	333
hsa0000104997	dme0000020080	90.833	240	22	0	1	240	127	366	4.45e-88	322
hsa0000104997	dme0000010620	90.833	240	22	0	1	240	127	366	4.45e-88	322
hsa0000104998	dme0000050249	91.880	234	19	0	1	234	133	366	9.29e-90	327
hsa0000104998	dme0000010620	91.026	234	21	0	1	234	133	366	2.01e-86	316
hsa0000104998	dme0000020080	90.598	234	22	0	1	234	133	366	9.36e-85	311
hsa0000104999	dme0000050249	91.667	240	20	0	1	240	127	366	2.16e-91	333
hsa0000104999	dme0000020080	90.833	240	22	0	1	240	127	366	4.67e-88	322
hsa0000104999	dme0000010620	90.833	240	22	0	1	240	127	366	4.67e-88	322
hsa0000105002	dme0000020080	86.560	439	59	0	1	439	367	805	1.02e-136	484
hsa0000105003	dme0000020080	86.468	436	59	0	1	436	370	805	4.72e-135	479
hsa0000105004	dme0000020080	86.445	391	53	0	1	391	415	805	4.32e-120	429
hsa0000105010	dme0000050249	90.909	143	13	0	1	143	988	1130	2.05e-49	193
hsa0000105010	dme0000005904	89.286	140	15	0	1	140	63	202	2.07e-44	176
hsa0000105358	dme0000008573	79.412	136	20	8	1	132	550	681	2.63e-18	89.8
hsa0000105358	dme0000008572	79.412	136	20	8	1	132	550	681	2.63e-18	89.8
hsa0000105359	dme0000008573	79.412	136	20	8	1	132	550	681	5.20e-18	89.8
hsa0000105359	dme0000008572	79.412	136	20	8	1	132	550	681	5.20e-18	89.8
hsa0000106128	dme0000020081	93.023	43	3	0	3	45	128	170	8.27e-11	63.9
hsa0000106128	dme0000050249	90.698	43	4	0	3	45	1053	1095	3.85e-09	58.4
hsa0000106128	dme0000010620	90.698	43	4	0	3	45	1053	1095	3.85e-09	58.4
hsa0000107753	dme0000041893	100.000	32	0	0	1	32	1	32	1.51e-09	60.2
hsa0000107992	dme0000003156	82.278	158	28	0	33	190	36	193	1.82e-32	137
hsa0000107992	dme0000003155	82.278	158	28	0	33	190	36	193	1.82e-32	137
hsa0000107992	dme0000003154	82.278	158	28	0	33	190	36	193	1.82e-32	137
hsa0000107992	dme0000003153	82.278	158	28	0	33	190	36	193	1.82e-32	137
hsa0000107994	dme0000003156	88.889	162	18	0	42	203	45	206	2.37e-51	200
hsa0000107994	dme0000003155	88.889	162	18	0	42	203	45	206	2.37e-51	200
hsa0000107994	dme0000003154	88.889	162	18	0	42	203	45	206	2.37e-51	200
hsa0000107994	dme0000003153	88.889	162	18	0	42	203	45	206	2.37e-51	200
hsa0000107997	dme0000003156	88.889	162	18	0	30	191	45	206	2.92e-51	200
hsa0000107997	dme0000003155	88.889	162	18	0	30	191	45	206	2.92e-51	200
hsa0000107997	dme0000003154	88.889	162	18	0	30	191	45	206	2.92e-51	200
hsa0000107997	dme0000003153	88.889	162	18	0	30	191	45	206	2.92e-51	200
hsa0000108211	dme0000061489	86.813	91	12	0	140	230	275	365	6.22e-22	102
hsa0000108211	dme0000061166	86.813	91	12	0	140	230	275	365	6.22e-22	102
hsa0000108211	dme0000059905	86.813	91	12	0	140	230	275	365	6.22e-22	102
hsa0000108211	dme0000059601	86.813	91	12	0	140	230	275	365	6.22e-22	102
hsa0000108211	dme0000059244	86.813	91	12	0	140	230	275	365	6.22e-22	102
hsa0000108211	dme0000059181	86.813	91	12	0	140	230	275	365	6.22e-22	102
hsa0000108211	dme0000058676	86.813	91	12	0	140	230	275	365	6.22e-22	102
hsa0000108211	dme0000058610	86.813	91	12	0	140	230	275	365	6.22e-22	102
hsa0000108211	dme0000057992	86.813	91	12	0	140	230	275	365	6.22e-22	102
hsa0000108211	dme0000057962	86.813	91	12	0	140	230	275	365	6.22e-22	102
hsa0000108211	dme0000057373	86.813	91	12	0	140	230	275	365	6.22e-22	102
hsa0000108211	dme0000057243	86.813	91	12	0	140	230	275	365	6.22e-22	102
hsa0000108211	dme0000057050	86.813	91	12	0	140	230	275	365	6.22e-22	102
hsa0000108211	dme0000056231	86.813	91	12	0	140	230	275	365	6.22e-22	102
hsa0000108211	dme0000056138	86.813	91	12	0	140	230	275	365	6.22e-22	102
hsa0000108211	dme0000054998	86.813	91	12	0	140	230	275	365	6.22e-22	102
hsa0000108211	dme0000054833	86.813	91	12	0	140	230	275	365	6.22e-22	102
hsa0000108211	dme0000054747	86.813	91	12	0	140	230	275	365	6.22e-22	102
hsa0000108211	dme0000053411	86.813	91	12	0	140	230	275	365	6.22e-22	102
hsa0000108211	dme0000052821	86.813	91	12	0	140	230	275	365	6.22e-22	102
hsa0000108211	dme0000052673	86.813	91	12	0	140	230	275	365	6.22e-22	102
hsa0000108211	dme0000052461	86.813	91	12	0	140	230	275	365	6.22e-22	102
hsa0000108211	dme0000051494	86.813	91	12	0	140	230	275	365	6.22e-22	102
hsa0000108669	dme0000048928	87.692	65	7	1	11	74	10	74	4.40e-14	75.0
hsa0000108670	dme0000048928	90.385	52	5	0	2	53	23	74	1.42e-12	69.4
hsa0000108672	dme0000048928	87.692	65	7	1	11	74	10	74	1.50e-13	75.0
hsa0000112822	dme0000003156	84.507	142	22	0	67	208	64	205	2.00e-33	141
hsa0000112822	dme0000003155	84.507	142	22	0	67	208	64	205	2.00e-33	141
hsa0000112822	dme0000003154	84.507	142	22	0	67	208	64	205	2.00e-33	141
hsa0000112822	dme0000003153	84.507	142	22	0	67	208	64	205	2.00e-33	141
hsa0000112929	dme0000059044	85.135	74	11	0	23	96	508	581	1.47e-14	76.8
hsa0000113001	dme0000022602	76.164	365	87	0	3	367	301	665	6.22e-49	193
hsa0000121074	dme0000049714	89.855	69	7	0	86	154	83	151	3.18e-18	89.8
hsa0000121075	dme0000049714	89.855	69	7	0	83	151	83	151	3.11e-18	89.8
hsa0000121087	dme0000049714	97.059	34	1	0	3	36	572	605	1.03e-09	58.4
hsa0000121088	dme0000049714	82.203	236	38	4	3	236	572	805	2.13e-51	200
hsa0000127292	dme0000032364	83.333	156	26	0	1	156	1500	1655	6.64e-35	145
hsa0000131661	dme0000025819	87.838	74	9	0	1	74	165	238	5.65e-18	87.9
hsa0000134640	dme0000050958	83.425	181	28	2	1	180	338	517	1.61e-41	167
hsa0000134640	dme0000046526	100.000	29	0	0	32	60	1	29	1.31e-07	54.7
hsa0000135385	dme0000050156	100.000	30	0	0	20	49	1148	1177	1.27e-08	56.5
hsa0000135385	dme0000050156	100.000	30	0	0	20	49	1154	1183	1.27e-08	56.5
hsa0000135385	dme0000050156	100.000	30	0	0	20	49	1160	1189	1.27e-08	56.5
hsa0000135385	dme0000050156	100.000	28	0	0	22	49	1144	1171	1.64e-07	52.8
hsa0000135960	dme0000033461	84.058	1035	159	5	9	1040	229	1260	0.0	992
hsa0000135960	dme0000033904	83.608	909	143	6	117	1022	1	906	0.0	848
hsa0000135960	dme0000006171	86.520	319	43	0	683	1001	5	323	2.69e-96	351
hsa0000137807	dme0000052972	87.342	158	18	2	106	262	26	182	3.12e-45	180
hsa0000137808	dme0000052972	87.342	158	18	2	76	232	26	182	2.73e-45	180
hsa0000137809	dme0000052972	87.342	158	18	2	10	166	26	182	1.88e-45	180
hsa0000137810	dme0000052973	86.145	166	23	0	3	168	3	168	2.05e-45	180
hsa0000138345	dme0000036038	79.231	130	25	2	1	129	1	129	2.90e-18	89.8
hsa0000140035	dme0000046879	90.000	50	5	0	22	71	67	116	7.17e-11	65.8
hsa0000140035	dme0000046878	90.000	50	5	0	22	71	154	203	7.17e-11	65.8
hsa0000141676	dme0000027122	91.045	67	6	0	33	99	524	590	5.74e-19	91.6
hsa0000146330	dme0000002019	78.987	395	77	6	1	392	486	877	1.29e-70	265
hsa0000146330	dme0000002018	78.987	395	77	6	1	392	494	885	1.29e-70	265
hsa0000146331	dme0000002019	79.567	416	79	6	1	413	486	898	6.27e-79	292
hsa0000146331	dme0000002018	79.567	416	79	6	1	413	494	906	6.27e-79	292
hsa0000147489	dme0000058547	87.500	112	12	2	40	150	554	664	6.15e-30	128
hsa0000147709	dme0000036119	84.706	85	11	2	13	96	1163	1246	1.82e-16	84.2
hsa0000148292	dme0000060895	100.000	30	0	0	110	139	82	111	2.88e-08	56.5
hsa0000154012	dme0000043225	91.525	59	5	0	1	59	131	189	6.51e-16	82.4
hsa0000154013	dme0000043225	100.000	32	0	0	10	41	158	189	5.50e-09	60.2
hsa0000154958	dme0000042082	82.550	149	26	0	66	214	295	443	7.08e-31	132
hsa0000154959	dme0000042082	82.550	149	26	0	58	206	295	443	6.78e-31	132
hsa0000154960	dme0000042083	80.672	119	23	0	5	123	5	123	1.82e-19	93.5
hsa0000156399	dme0000005837	83.158	95	16	0	1	95	354	448	6.04e-18	87.9
hsa0000156400	dme0000005837	82.828	99	17	0	1	99	354	452	2.43e-18	89.8
hsa0000160184	dme0000049453	76.705	176	37	4	1	174	289	462	7.41e-20	95.3
hsa0000163562	dme0000033461	80.177	1019	191	9	9	1021	228	1241	0.0	752
hsa0000163562	dme0000033904	78.775	914	178	14	117	1022	1	906	8.69e-171	599
hsa0000163562	dme0000006171	82.432	296	50	2	683	977	5	299	6.02e-68	257
hsa0000170987	dme0000050249	88.889	144	16	0	1	144	988	1131	5.74e-45	178
hsa0000170987	dme0000028780	88.194	144	17	0	1	144	948	1091	2.67e-43	172
hsa0000170987	dme0000010620	87.500	144	18	0	1	144	988	1131	1.24e-41	167
hsa0000170987	dme0000005904	83.333	144	24	0	1	144	63	206	1.26e-31	134
hsa0000171295	dme0000027375	83.568	213	35	0	102	314	189	401	2.05e-50	200
hsa0000171295	dme0000027374	83.568	213	35	0	102	314	189	401	2.05e-50	200
hsa0000171295	dme0000027373	83.568	213	35	0	102	314	189	401	2.05e-50	200
hsa0000175635	dme0000027479	87.963	108	13	0	3	110	3	110	4.28e-30	128
hsa0000175699	dme0000011427	88.372	215	25	0	1	215	1	215	3.26e-69	259
hsa0000175699	dme0000012771	85.581	215	31	0	1	215	4	218	3.31e-59	226
hsa0000175707	dme0000011427	82.934	961	164	0	1	961	373	1333	0.0	867
hsa0000175707	dme0000009021	81.879	149	27	0	1	149	373	521	1.64e-28	126
hsa0000175711	dme0000027479	87.963	108	13	0	3	110	3	110	4.28e-30	128
hsa0000175805	dme0000060916	75.355	211	46	6	1	208	445	652	2.70e-20	97.1
hsa0000175805	dme0000060915	75.355	211	46	6	1	208	458	665	2.70e-20	97.1
hsa0000180435	dme0000040728	80.702	114	20	2	2	114	483	595	1.23e-17	87.9
hsa0000180479	dme0000039667	81.818	220	40	0	1	220	1882	2101	5.55e-47	185
hsa0000181560	dme0000062134	76.022	367	85	3	1	367	1	364	2.86e-47	187
hsa0000181560	dme0000061025	76.022	367	85	3	1	367	1	364	2.86e-47	187
hsa0000181560	dme0000059981	76.022	367	85	3	1	367	1	364	2.86e-47	187
hsa0000181560	dme0000059657	76.022	367	85	3	1	367	1	364	2.86e-47	187
hsa0000181560	dme0000059491	76.022	367	85	3	1	367	1	364	2.86e-47	187
hsa0000181560	dme0000059007	76.022	367	85	3	1	367	1	364	2.86e-47	187
hsa0000181560	dme0000058067	76.022	367	85	3	1	367	1	364	2.86e-47	187
hsa0000181560	dme0000057510	76.022	367	85	3	1	367	1	364	2.86e-47	187
hsa0000181560	dme0000057393	76.022	367	85	3	1	367	1	364	2.86e-47	187
hsa0000181560	dme0000057199	76.022	367	85	3	1	367	1	364	2.86e-47	187
hsa0000181560	dme0000056924	76.022	367	85	3	1	367	1	364	2.86e-47	187
hsa0000181560	dme0000052933	76.022	367	85	3	1	367	1	364	2.86e-47	187
hsa0000181560	dme0000052545	76.022	367	85	3	1	367	1	364	2.86e-47	187
hsa0000181560	dme0000052523	76.022	367	85	3	1	367	1	364	2.86e-47	187
hsa0000181560	dme0000051965	76.022	367	85	3	1	367	1	364	2.86e-47	187
hsa0000181560	dme0000051820	76.022	367	85	3	1	367	1	364	2.86e-47	187
hsa0000181560	dme0000051782	76.022	367	85	3	1	367	1	364	2.86e-47	187
hsa0000181560	dme0000051458	76.022	367	85	3	1	367	1	364	2.86e-47	187
hsa0000181560	dme0000051394	76.022	367	85	3	1	367	1	364	2.86e-47	187
hsa0000181560	dme0000051134	76.022	367	85	3	1	367	1	364	2.86e-47	187
hsa0000181561	dme0000062134	77.821	257	56	1	1	256	108	364	1.57e-38	158
hsa0000181561	dme0000061025	77.821	257	56	1	1	256	108	364	1.57e-38	158
hsa0000181561	dme0000059981	77.821	257	56	1	1	256	108	364	1.57e-38	158
hsa0000181561	dme0000059657	77.821	257	56	1	1	256	108	364	1.57e-38	158
hsa0000181561	dme0000059491	77.821	257	56	1	1	256	108	364	1.57e-38	158
hsa0000181561	dme0000059007	77.821	257	56	1	1	256	108	364	1.57e-38	158
hsa0000181561	dme0000058067	77.821	257	56	1	1	256	108	364	1.57e-38	158
hsa0000181561	dme0000057510	77.821	257	56	1	1	256	108	364	1.57e-38	158
hsa0000181561	dme0000057393	77.821	257	56	1	1	256	108	364	1.57e-38	158
hsa0000181561	dme0000057199	77.821	257	56	1	1	256	108	364	1.57e-38	158
hsa0000181561	dme0000056924	77.821	257	56	1	1	256	108	364	1.57e-38	158
hsa0000181561	dme0000052933	77.821	257	56	1	1	256	108	364	1.57e-38	158
hsa0000181561	dme0000052545	77.821	257	56	1	1	256	108	364	1.57e-38	158
hsa0000181561	dme0000052523	77.821	257	56	1	1	256	108	364	1.57e-38	158
hsa0000181561	dme0000051965	77.821	257	56	1	1	256	108	364	1.57e-38	158
hsa0000181561	dme0000051820	77.821	257	56	1	1	256	108	364	1.57e-38	158
hsa0000181561	dme0000051782	77.821	257	56	1	1	256	108	364	1.57e-38	158
hsa0000181561	dme0000051458	77.821	257	56	1	1	256	108	364	1.57e-38	158
hsa0000181561	dme0000051394	77.821	257	56	1	1	256	108	364	1.57e-38	158
hsa0000181561	dme0000051134	77.821	257	56	1	1	256	108	364	1.57e-38	158
hsa0000181665	dme0000012154	89.516	124	12	1	4	127	825	947	2.89e-38	156
hsa0000181893	dme0000011427	86.977	215	28	0	1	215	1	215	3.28e-64	243
hsa0000181893	dme0000012771	84.186	215	34	0	1	215	4	218	3.33e-54	209
hsa0000181896	dme0000011427	82.670	929	161	0	1	929	373	1301	0.0	824
hsa0000182452	dme0000027165	81.564	179	25	7	2	176	2	176	9.51e-34	141
hsa0000182453	dme0000027165	87.805	82	8	2	36	116	96	176	4.58e-20	95.3
hsa0000183890	dme0000027436	94.286	35	2	0	29	63	1332	1298	1.53e-07	54.7
hsa0000184322	dme0000009193	84.112	107	15	2	36	141	2151	2256	3.70e-22	102
hsa0000184323	dme0000009193	87.342	79	10	0	3	81	2178	2256	4.30e-19	91.6
hsa0000186039	dme0000019492	82.424	165	25	4	1	163	180	342	8.71e-34	141
hsa0000186570	dme0000011427	87.442	215	27	0	1	215	1	215	7.06e-66	248
hsa0000186570	dme0000012771	84.651	215	33	0	1	215	4	218	7.16e-56	215
hsa0000186572	dme0000011427	87.442	215	27	0	1	215	1	215	7.87e-66	248
hsa0000186572	dme0000012771	84.651	215	33	0	1	215	4	218	7.98e-56	215
hsa0000186573	dme0000011427	87.442	215	27	0	1	215	1	215	1.76e-65	248
hsa0000186573	dme0000012771	84.651	215	33	0	1	215	4	218	1.78e-55	215
hsa0000186576	dme0000011427	82.206	961	171	0	1	961	373	1333	0.0	828
hsa0000186996	dme0000021178	100.000	28	0	0	284	311	42	69	2.76e-06	52.8
hsa0000186996	dme0000021177	100.000	28	0	0	284	311	168	195	2.76e-06	52.8
hsa0000188372	dme0000007721	96.875	32	1	0	42	73	1297	1328	1.38e-07	54.7
hsa0000188855	dme0000043574	81.657	169	26	5	727	893	3	168	3.17e-31	135
hsa0000189912	dme0000041111	80.882	136	24	2	1	135	1	135	6.54e-23	106
hsa0000190468	dme0000036233	94.737	38	2	0	162	199	1	38	7.47e-09	60.2
hsa0000192294	dme0000009021	83.251	203	34	0	19	221	19	221	1.56e-47	187
hsa0000192296	dme0000011427	85.463	681	99	0	1	681	373	1053	0.0	710
hsa0000192296	dme0000012771	83.871	682	108	2	1	681	376	1056	0.0	649
hsa0000195175	dme0000004939	96.875	32	0	1	467	497	233	264	1.87e-06	52.8
hsa0000195176	dme0000004939	96.875	32	0	1	467	497	233	264	2.20e-06	52.8
hsa0000195177	dme0000004939	96.875	32	0	1	386	416	233	264	1.63e-06	52.8
hsa0000195178	dme0000004939	96.875	32	0	1	162	192	233	264	6.74e-07	52.8
hsa0000195179	dme0000004939	96.875	32	0	1	81	111	233	264	4.38e-07	52.8
hsa0000195227	dme0000040061	92.000	50	4	0	3	52	455	504	1.48e-12	71.3
hsa0000196146	dme0000036489	94.444	36	2	0	63	98	56	91	2.23e-08	56.5
hsa0000196146	dme0000038778	94.286	35	2	0	65	99	65	99	8.03e-08	54.7
hsa0000198271	dme0000015397	78.254	1821	368	21	35	1844	32	1835	0.0	1144
hsa0000198271	dme0000019663	76.906	1377	294	20	211	1578	3	1364	0.0	760
hsa0000198271	dme0000010598	75.819	1588	331	43	16	1578	4	1563	0.0	756
hsa0000198271	dme0000006738	75.756	1588	332	42	16	1578	4	1563	0.0	750
hsa0000198271	dme0000004283	75.756	1588	332	42	16	1578	4	1563	0.0	750
hsa0000198271	dme0000005442	75.693	1588	333	42	16	1578	4	1563	0.0	745
hsa0000198271	dme0000019664	77.419	1271	265	18	316	1578	55	1311	0.0	737
hsa0000198271	dme0000000599	73.814	1581	375	34	16	1578	4	1563	9.59e-168	590
hsa0000198271	dme0000019662	86.813	182	24	0	25	206	22	203	1.46e-51	204
hsa0000198363	dme0000003287	84.211	76	10	2	1	75	1	75	1.24e-13	73.1
hsa0000198524	dme0000007418	81.102	254	48	0	1	254	471	724	1.90e-52	204
hsa0000198525	dme0000007418	83.537	164	27	0	1	164	561	724	1.24e-37	154
hsa0000201344	dme0000058355	87.129	101	13	0	612	712	37	137	2.68e-25	115
hsa0000201344	dme0000058354	87.129	101	13	0	612	712	296	396	2.68e-25	115
hsa0000201736	dme0000020268	89.888	89	9	0	643	731	2	90	5.37e-25	115
hsa0000202233	dme0000045692	81.579	152	24	4	71	220	71	220	4.64e-28	122
hsa0000205834	dme0000053653	81.731	104	17	2	6	108	314	416	2.93e-17	86.1
hsa0000207167	dme0000017168	87.671	73	7	2	54	125	609	680	1.21e-16	84.2
hsa0000207167	dme0000017167	87.671	73	7	2	54	125	639	710	1.21e-16	84.2
hsa0000207992	dme0000013149	90.000	60	6	0	5	64	5	64	2.12e-15	78.7
hsa0000208286	dme0000032659	93.182	44	3	0	102	145	135	178	5.89e-11	65.8
hsa0000208405	dme0000056680	83.974	156	22	1	111	263	2	157	3.46e-35	147
hsa0000208587	dme0000002019	81.818	143	26	0	92	234	66	208	1.71e-27	121
hsa0000208587	dme0000002018	81.818	143	26	0	92	234	74	216	1.71e-27	121
hsa0000209677	dme0000001696	82.609	161	28	0	4	164	184	344	2.75e-34	143
hsa0000209678	dme0000001696	91.489	47	4	0	44	90	406	452	2.87e-11	65.8
hsa0000211686	dme0000028780	87.346	324	39	2	1	323	87	409	2.18e-102	370
hsa0000211686	dme0000050249	86.997	323	42	0	1	323	127	449	1.01e-100	364
hsa0000211686	dme0000005903	85.185	324	46	2	1	323	127	449	1.03e-90	331
hsa0000211686	dme0000030339	82.769	325	56	0	1	325	127	451	1.75e-78	291
hsa0000211692	dme0000028780	86.111	144	20	0	1	144	948	1091	2.69e-38	156
hsa0000214195	dme0000024228	88.000	50	4	2	681	729	2014	2062	1.59e-07	58.4
hsa0000214195	dme0000024227	88.000	50	4	2	681	729	2014	2062	1.59e-07	58.4
hsa0000215280	dme0000053320	83.333	126	21	0	64	189	205	330	1.74e-26	117
hsa0000216114	dme0000032848	81.765	170	29	2	3	171	3	171	1.12e-33	141
hsa0000216819	dme0000033461	86.076	1027	137	5	6	1028	224	1248	0.0	1099
hsa0000216819	dme0000033904	87.019	909	112	5	117	1022	1	906	0.0	1020
hsa0000216819	dme0000014108	84.188	936	141	7	117	1050	1	931	0.0	902
hsa0000216819	dme0000006171	89.062	320	33	2	683	1001	5	323	1.24e-109	396
hsa0000216819	dme0000006167	83.043	230	39	0	16	245	1	230	1.74e-53	209
hsa0000216819	dme0000006168	86.709	158	21	0	246	403	1	158	1.77e-43	176
hsa0000216819	dme0000033903	86.726	113	13	2	6	116	130	242	6.48e-28	124
hsa0000216819	dme0000033902	86.726	113	13	2	6	116	133	245	6.48e-28	124
hsa0000218183	dme0000039876	94.595	37	1	1	76	112	665	700	4.77e-08	56.5
hsa0000218184	dme0000039876	94.595	37	1	1	23	59	665	700	3.59e-08	56.5
hsa0000218320	dme0000033903	90.164	61	4	2	6	64	130	190	2.81e-15	78.7
hsa0000218320	dme0000033902	90.164	61	4	2	6	64	133	193	2.81e-15	78.7
hsa0000218321	dme0000033461	83.135	504	79	5	6	505	224	725	9.33e-128	455
hsa0000218321	dme0000006167	83.043	230	39	0	16	245	1	230	8.02e-54	209
hsa0000218321	dme0000006168	86.709	158	21	0	246	403	1	158	8.13e-44	176
hsa0000218321	dme0000033903	86.726	113	13	2	6	116	130	242	2.99e-28	124
hsa0000218321	dme0000033902	86.726	113	13	2	6	116	133	245	2.99e-28	124
hsa0000218322	dme0000033461	86.076	1027	137	5	6	1028	224	1248	0.0	1099
hsa0000218322	dme0000033904	87.019	909	112	5	117	1022	1	906	0.0	1020
hsa0000218322	dme0000014108	84.188	936	141	7	117	1050	1	931	0.0	902
hsa0000218322	dme0000006171	89.062	320	33	2	683	1001	5	323	1.24e-109	396
hsa0000218322	dme0000006167	83.043	230	39	0	16	245	1	230	1.74e-53	209
hsa0000218322	dme0000006168	86.709	158	21	0	246	403	1	158	1.77e-43	176
hsa0000218322	dme0000033903	86.726	113	13	2	6	116	130	242	6.48e-28	124
hsa0000218322	dme0000033902	86.726	113	13	2	6	116	133	245	6.48e-28	124
hsa0000220286	dme0000003212	86.747	83	11	0	1	83	1	83	1.98e-19	93.5
hsa0000220287	dme0000003212	85.915	71	10	0	1	71	13	83	1.78e-14	76.8
hsa0000221032	dme0000038132	100.000	29	0	0	7	35	178	150	4.81e-08	54.7
hsa0000221033	dme0000038132	100.000	29	0	0	3	31	178	150	4.48e-08	54.7
hsa0000224871	dme0000024448	88.750	160	18	0	158	317	66	225	1.41e-49	196
hsa0000224871	dme0000024447	88.750	160	18	0	158	317	90	249	1.41e-49	196
hsa0000224871	dme0000018464	82.199	191	34	0	127	317	35	225	3.97e-40	165
hsa0000224877	dme0000024448	84.656	189	29	0	100	288	32	220	8.31e-48	189
hsa0000224877	dme0000024447	84.656	189	29	0	100	288	56	244	8.31e-48	189
hsa0000224877	dme0000018464	82.540	189	33	0	100	288	32	220	3.89e-41	167
hsa0000224884	dme0000024448	87.059	170	22	0	65	234	62	231	4.78e-49	193
hsa0000224884	dme0000024447	87.059	170	22	0	65	234	86	255	4.78e-49	193
hsa0000224884	dme0000018464	81.188	202	34	3	35	234	32	231	4.85e-39	159
hsa0000226201	dme0000048756	89.744	78	8	0	2	79	1266	1343	6.52e-22	100
hsa0000226201	dme0000047239	89.744	78	8	0	2	79	127	204	6.52e-22	100
hsa0000226570	dme0000029684	79.208	101	21	0	1	101	275	375	6.74e-13	71.3
hsa0000231083	dme0000016506	84.252	127	18	2	1	126	58	183	2.33e-28	122
hsa0000231733	dme0000050249	91.204	216	19	0	1	216	127	342	8.62e-80	294
hsa0000231733	dme0000010620	90.741	216	20	0	1	216	127	342	4.01e-78	289
hsa0000231733	dme0000020080	89.815	216	22	0	1	216	127	342	8.68e-75	278
hsa0000231733	dme0000005903	89.352	216	23	0	1	216	127	342	4.04e-73	272
hsa0000231733	dme0000028780	88.426	216	25	0	1	216	87	302	8.75e-70	261
hsa0000231733	dme0000030339	86.574	216	29	0	1	216	127	342	4.10e-63	239
hsa0000231734	dme0000050249	90.833	240	22	0	1	240	127	366	4.45e-88	322
hsa0000231734	dme0000010620	90.000	240	24	0	1	240	127	366	9.63e-85	311
hsa0000231734	dme0000020080	89.583	240	25	0	1	240	127	366	4.48e-83	305
hsa0000231734	dme0000005903	88.750	240	27	0	1	240	127	366	9.70e-80	294
hsa0000231734	dme0000028780	87.917	240	29	0	1	240	87	326	2.10e-76	283
hsa0000231734	dme0000030339	86.250	240	33	0	1	240	127	366	9.83e-70	261
hsa0000231735	dme0000050249	91.080	213	19	0	1	213	154	366	3.95e-78	289
hsa0000231735	dme0000020080	89.671	213	22	0	1	213	154	366	3.98e-73	272
hsa0000231735	dme0000010620	89.671	213	22	0	1	213	154	366	3.98e-73	272
hsa0000231735	dme0000005903	89.202	213	23	0	1	213	154	366	1.85e-71	267
hsa0000231735	dme0000028780	88.263	213	25	0	1	213	114	326	4.01e-68	255
hsa0000231735	dme0000030339	86.854	213	28	0	1	213	154	366	4.03e-63	239
hsa0000231737	dme0000005903	86.010	193	27	0	1	193	367	559	1.02e-53	207
hsa0000231737	dme0000020080	86.592	179	24	0	1	179	367	545	6.13e-51	198
hsa0000231738	dme0000020080	87.016	439	57	0	1	439	367	805	4.72e-140	496
hsa0000231738	dme0000005903	86.788	439	58	0	1	439	367	805	2.20e-138	490
hsa0000231738	dme0000030339	84.668	437	67	0	1	437	367	803	2.90e-122	436
hsa0000231738	dme0000028780	84.055	439	70	0	1	439	327	765	2.26e-118	424
hsa0000231739	dme0000020080	86.445	391	53	0	1	391	415	805	4.32e-120	429
hsa0000231739	dme0000005903	86.189	391	54	0	1	391	415	805	2.01e-118	424
hsa0000231739	dme0000030339	83.805	389	63	0	1	389	415	803	2.66e-102	370
hsa0000231739	dme0000028780	83.376	391	65	0	1	391	375	765	4.44e-100	363
hsa0000231740	dme0000010620	84.444	180	28	0	3	182	808	987	7.53e-45	178
hsa0000234514	dme0000048229	82.353	221	35	4	1	219	229	447	4.34e-48	189
hsa0000234514	dme0000048229	82.353	221	35	4	1	219	1369	1587	4.34e-48	189
hsa0000234514	dme0000048229	81.900	221	36	4	1	219	1	219	2.02e-46	183
hsa0000234514	dme0000048229	81.900	221	36	4	1	219	457	675	2.02e-46	183
hsa0000234514	dme0000048229	81.900	221	36	4	1	219	685	903	2.02e-46	183
hsa0000234514	dme0000048229	81.900	221	36	4	1	219	1141	1359	2.02e-46	183
hsa0000234514	dme0000048560	80.488	205	38	2	1	204	685	888	4.40e-38	156
hsa0000234515	dme0000048229	83.032	277	43	4	1	275	229	503	9.03e-66	248
hsa0000234515	dme0000048229	83.032	277	43	4	1	275	457	731	9.03e-66	248
hsa0000234515	dme0000048229	83.032	277	43	4	1	275	685	959	9.03e-66	248
hsa0000234515	dme0000048229	83.032	277	43	4	1	275	1141	1415	9.03e-66	248
hsa0000234515	dme0000048229	83.026	271	42	4	1	269	1	269	4.20e-64	243
hsa0000234515	dme0000048229	82.096	229	37	4	1	227	1369	1595	4.29e-49	193
hsa0000234515	dme0000048560	80.488	205	38	2	1	204	685	888	5.63e-38	156
hsa0000234516	dme0000048229	81.220	623	109	8	1	619	229	847	6.77e-140	496
hsa0000234516	dme0000048229	81.220	623	109	8	1	619	685	1303	6.77e-140	496
hsa0000234516	dme0000048229	81.220	623	109	8	1	619	913	1531	6.77e-140	496
hsa0000234516	dme0000048229	81.059	623	110	8	1	619	1	619	3.15e-138	490
hsa0000234516	dme0000048229	81.209	612	107	8	1	608	457	1064	4.08e-137	486
hsa0000234516	dme0000048229	81.878	458	77	6	1	455	1141	1595	1.98e-105	381
hsa0000234516	dme0000048229	81.170	393	70	4	229	619	1	391	7.32e-85	313
hsa0000234516	dme0000048229	82.096	229	37	4	1	227	1369	1595	9.95e-49	193
hsa0000234516	dme0000048560	80.000	435	81	6	1	432	457	888	5.66e-86	316
hsa0000234516	dme0000048560	80.488	205	38	2	1	204	685	888	1.31e-37	156
hsa0000234517	dme0000048229	81.831	688	117	8	1	684	913	1596	1.22e-162	571
hsa0000234517	dme0000048229	81.686	688	118	8	1	684	685	1368	5.70e-161	566
hsa0000234517	dme0000048229	81.541	688	119	8	1	684	1	684	2.65e-159	560
hsa0000234517	dme0000048229	81.541	688	119	8	1	684	229	912	2.65e-159	560
hsa0000234517	dme0000048229	81.395	688	120	8	1	684	457	1140	1.23e-157	555
hsa0000234517	dme0000048229	82.096	458	78	4	229	684	1	456	1.32e-107	388
hsa0000234517	dme0000048229	81.878	458	77	6	1	455	1141	1595	2.21e-105	381
hsa0000234517	dme0000048229	82.096	229	37	4	1	227	1369	1595	1.11e-48	193
hsa0000234517	dme0000048560	80.000	435	81	6	1	432	457	888	6.33e-86	316
hsa0000234517	dme0000048560	80.488	205	38	2	1	204	685	888	1.46e-37	156
hsa0000235728	dme0000060916	80.000	135	27	0	1	135	445	579	1.30e-21	100
hsa0000235728	dme0000060915	80.000	135	27	0	1	135	458	592	1.30e-21	100
hsa0000235729	dme0000060916	78.351	194	42	0	1	194	445	638	2.95e-29	126
hsa0000235729	dme0000060915	78.351	194	42	0	1	194	458	651	2.95e-29	126
hsa0000235730	dme0000060916	79.327	208	43	0	1	208	445	652	2.65e-35	147
hsa0000235730	dme0000060915	79.327	208	43	0	1	208	458	665	2.65e-35	147
hsa0000238020	dme0000028659	80.169	237	47	0	2	238	1074	1310	1.01e-44	178
hsa0000238087	dme0000042477	81.421	183	34	0	9	191	522	704	1.73e-36	150
hsa0000238428	dme0000003156	82.192	146	20	4	154	296	64	206	6.59e-27	121
hsa0000238428	dme0000003155	82.192	146	20	4	154	296	64	206	6.59e-27	121
hsa0000238428	dme0000003154	82.192	146	20	4	154	296	64	206	6.59e-27	121
hsa0000238428	dme0000003153	82.192	146	20	4	154	296	64	206	6.59e-27	121
hsa0000238428	dme0000000355	78.571	140	24	6	154	290	70	206	6.69e-17	87.9
hsa0000238428	dme0000006368	92.453	53	4	0	237	289	138	190	1.45e-13	76.8
hsa0000238429	dme0000003156	82.192	146	20	4	151	293	64	206	6.57e-27	121
hsa0000238429	dme0000003155	82.192	146	20	4	151	293	64	206	6.57e-27	121
hsa0000238429	dme0000003154	82.192	146	20	4	151	293	64	206	6.57e-27	121
hsa0000238429	dme0000003153	82.192	146	20	4	151	293	64	206	6.57e-27	121
hsa0000238429	dme0000000355	78.571	140	24	6	151	287	70	206	6.66e-17	87.9
hsa0000238429	dme0000006368	92.453	53	4	0	234	286	138	190	1.44e-13	76.8
hsa0000238431	dme0000003156	83.041	171	29	0	39	209	36	206	6.07e-38	156
hsa0000238431	dme0000003155	83.041	171	29	0	39	209	36	206	6.07e-38	156
hsa0000238431	dme0000003154	83.041	171	29	0	39	209	36	206	6.07e-38	156
hsa0000238431	dme0000003153	83.041	171	29	0	39	209	36	206	6.07e-38	156
hsa0000238431	dme0000006368	81.452	124	21	2	69	191	57	179	2.89e-21	100
hsa0000238433	dme0000003156	88.415	164	19	0	30	193	36	199	8.11e-51	198
hsa0000238433	dme0000003155	88.415	164	19	0	30	193	36	199	8.11e-51	198
hsa0000238433	dme0000003154	88.415	164	19	0	30	193	36	199	8.11e-51	198
hsa0000238433	dme0000003153	88.415	164	19	0	30	193	36	199	8.11e-51	198
hsa0000238433	dme0000000355	85.549	173	19	4	30	199	42	211	3.80e-44	176
hsa0000238433	dme0000006368	83.871	155	25	0	39	193	36	190	8.28e-36	148
hsa0000238435	dme0000003156	88.608	158	18	0	40	197	43	200	3.97e-49	193
hsa0000238435	dme0000003155	88.608	158	18	0	40	197	43	200	3.97e-49	193
hsa0000238435	dme0000003154	88.608	158	18	0	40	197	43	200	3.97e-49	193
hsa0000238435	dme0000003153	88.608	158	18	0	40	197	43	200	3.97e-49	193
hsa0000241111	dme0000009933	85.714	105	15	0	1	105	136	240	4.02e-25	111
hsa0000247935	dme0000033461	80.020	1021	189	12	9	1021	228	1241	0.0	741
hsa0000247935	dme0000033904	78.446	914	181	15	117	1022	1	906	8.75e-166	582
hsa0000247935	dme0000006171	81.333	300	46	9	683	977	5	299	2.82e-61	235
hsa0000248604	dme0000033461	83.765	850	134	3	1	848	221	1068	0.0	802
hsa0000248604	dme0000033904	85.190	736	101	7	117	848	1	732	0.0	749
hsa0000248604	dme0000014108	84.354	735	109	5	117	848	1	732	0.0	715
hsa0000248604	dme0000006170	84.232	241	36	2	426	665	13	252	8.12e-61	233
hsa0000248605	dme0000033461	84.828	1015	150	3	1	1013	221	1233	0.0	1018
hsa0000248605	dme0000033904	86.784	908	112	7	117	1020	1	904	0.0	1005
hsa0000248605	dme0000014108	83.978	905	139	5	117	1018	1	902	0.0	863
hsa0000248605	dme0000006170	84.232	241	36	2	426	665	13	252	1.02e-60	233
hsa0000249909	dme0000016666	90.741	54	5	0	24	77	24	77	2.01e-13	73.1
hsa0000250060	dme0000050630	82.895	152	26	0	3	154	193	344	1.12e-32	137
hsa0000252888	dme0000048961	81.818	209	36	2	1	208	232	439	1.12e-43	174
hsa0000252888	dme0000048960	81.818	209	36	2	1	208	343	550	1.12e-43	174
hsa0000253956	dme0000054814	76.389	144	32	2	66	208	66	208	3.77e-14	76.8
hsa0000253957	dme0000054814	76.389	144	32	2	66	208	66	208	5.97e-14	76.8
hsa0000256537	dme0000036176	89.062	64	7	0	4	67	4	67	6.30e-16	80.5
hsa0000257005	dme0000046832	100.000	30	0	0	119	148	268	297	2.97e-08	56.5
hsa0000257208	dme0000001251	74.286	315	77	4	274	586	622	934	1.27e-29	130
hsa0000257208	dme0000001250	74.286	315	77	4	274	586	622	934	1.27e-29	130
hsa0000257208	dme0000001249	74.286	315	77	4	274	586	622	934	1.27e-29	130
hsa0000259113	dme0000013800	83.889	180	27	2	2	180	76	254	1.34e-42	171
hsa0000260500	dme0000007711	89.583	48	5	0	37	84	1073	1120	3.32e-10	62.1
hsa0000260500	dme0000007710	89.583	48	5	0	37	84	1073	1120	3.32e-10	62.1
hsa0000260500	dme0000007709	89.583	48	5	0	37	84	1073	1120	3.32e-10	62.1
hsa0000261725	dme0000048301	83.511	376	58	4	118	491	1790	2163	1.57e-95	348
hsa0000261726	dme0000048301	83.427	356	55	4	1	354	1810	2163	1.46e-89	327
hsa0000265117	dme0000020771	89.706	68	7	0	7	74	302	369	1.18e-17	87.9
hsa0000268594	dme0000042363	84.507	71	11	0	8	78	1492	1562	7.64e-13	71.3
hsa0000268729	dme0000045692	79.646	226	34	10	4	223	4	223	5.92e-37	152
hsa0000270826	dme0000033900	87.719	57	7	0	121	177	1	57	1.65e-11	67.6
hsa0000270827	dme0000033900	87.719	57	7	0	103	159	1	57	1.46e-11	67.6
hsa0000270828	dme0000033900	87.719	57	7	0	1	57	1	57	3.84e-12	67.6
hsa0000270841	dme0000033461	86.106	1058	136	7	1	1051	221	1274	0.0	1129
hsa0000270841	dme0000033904	86.928	918	109	8	117	1030	1	911	0.0	1020
hsa0000270841	dme0000014108	85.201	919	129	5	117	1030	1	917	0.0	937
hsa0000270841	dme0000006171	89.342	319	34	0	683	1001	5	323	2.63e-111	401
hsa0000270842	dme0000033461	86.639	958	117	7	9	959	321	1274	0.0	1050
hsa0000270842	dme0000033904	86.928	918	109	8	25	938	1	911	0.0	1020
hsa0000270842	dme0000014108	85.201	919	129	5	25	938	1	917	0.0	937
hsa0000270842	dme0000006171	89.342	319	34	0	591	909	5	323	2.40e-111	401
hsa0000270843	dme0000033461	87.384	864	98	7	1	857	415	1274	0.0	981
hsa0000270843	dme0000033904	87.024	840	98	8	1	836	79	911	0.0	937
hsa0000270843	dme0000014108	85.137	841	118	5	1	836	79	917	0.0	854
hsa0000270843	dme0000006171	89.342	319	34	0	489	807	5	323	2.14e-111	401
hsa0000272832	dme0000048229	84.615	104	14	2	1	103	229	331	2.36e-22	102
hsa0000272832	dme0000048560	83.654	104	15	2	1	103	457	559	1.10e-20	97.1
hsa0000272832	dme0000048560	82.353	102	16	2	1	101	685	785	6.61e-18	87.9
hsa0000272836	dme0000061275	85.437	103	15	0	1	103	191	293	5.07e-24	108
hsa0000272837	dme0000061275	85.714	105	15	0	1	105	191	295	1.25e-24	111
hsa0000273095	dme0000039717	100.000	29	0	0	88	116	4	32	1.18e-07	54.7
hsa0000273096	dme0000039717	100.000	29	0	0	69	97	4	32	1.03e-07	54.7
hsa0000274166	dme0000007736	81.429	140	26	0	3	142	190	329	4.68e-26	115
hsa0000274167	dme0000007736	82.390	159	28	0	3	161	190	348	3.09e-33	139
hsa0000276215	dme0000011427	83.482	672	111	0	10	681	382	1053	2.54e-179	627
hsa0000276215	dme0000009022	79.356	528	109	0	154	681	1	528	1.31e-102	372
hsa0000276216	dme0000009022	81.402	328	61	0	1	328	201	528	8.26e-72	268
hsa0000276401	dme0000044169	86.029	136	17	2	2	136	145	279	5.44e-35	145
hsa0000276404	dme0000044169	77.640	161	36	0	59	219	778	938	7.48e-21	99.0
hsa0000276409	dme0000044169	89.381	113	12	0	4	116	1162	1274	1.61e-34	143
hsa0000276749	dme0000044234	80.342	117	21	2	3	118	674	789	8.73e-18	87.9
hsa0000278127	dme0000025823	87.097	155	20	0	1	155	289	443	2.34e-44	176
